Extracting MNIST_data/train-images-idx3-ubyte.gz
Extracting MNIST_data/train-labels-idx1-ubyte.gz
Extracting MNIST_data/t10k-images-idx3-ubyte.gz
Extracting MNIST_data/t10k-labels-idx1-ubyte.gz
0.1708 226.242
0.2001 220.309
0.2675 213.84
0.3381 204.894
0.4137 194.556
0.453 182.912
0.4513 170.624
0.4209 159.427
0.5114 144.95
0.6306 132.802
0.6748 120.335
0.6953 113.033
0.7609 99.1497
0.7647 93.2274
0.7629 86.2353
0.7604 81.8786
0.7697 76.4389
0.7603 71.3502
0.7868 66.454
0.8162 59.4363
0.8039 62.2191
0.7892 64.6253
0.7796 66.435
0.8195 57.1582
0.8382 51.823
0.8245 55.9014
0.8158 56.5642
0.8364 51.1984
0.8202 54.0544
0.7911 62.7175
0.7866 64.1878
0.838 52.8541
0.8454 47.5199
0.7962 59.8236
0.8117 57.0729
0.8347 53.518
0.8515 49.7357
0.852 50.0099
0.8401 48.8099
0.8216 50.9918
0.8193 51.7277
0.8428 47.1865
0.8671 44.1456
0.8671 45.6429
0.8626 45.9626
0.8655 44.1542
0.8741 40.2093
0.8899 37.1539
0.8934 36.4305
0.8915 37.0644
0.8894 37.9302
0.8922 37.5553
0.8948 36.2996
0.8938 36.3837
0.8909 36.8211
0.8893 36.1036
0.8868 36.5704
0.8785 39.3967
0.8755 40.5708
0.8763 40.2018
0.8896 36.9132
0.9008 33.4617
0.9076 31.8629
0.9047 32.351
0.8986 34.4931
0.8885 36.9998
0.8813 37.7962
0.8966 34.2726
0.9076 30.8678
0.9085 30.4605
0.9097 30.5391
0.9057 30.9463
0.9031 32.0117
0.8943 34.1074
0.8957 34.2227
0.9004 32.6108
0.9031 31.7032
0.9058 31.0228
0.9045 31.6147
0.9006 32.259
0.9041 32.5141
0.9093 31.3813
0.9147 28.9972
0.9095 29.4843
0.905 30.4231
0.9082 29.6693
0.9084 29.3026
0.9102 28.9975
0.9108 28.8729
0.9139 27.7134
0.9168 27.131
0.9119 28.8963
0.9083 29.9039
0.9134 28.6395
0.9174 27.512
0.9205 26.311
0.9186 26.7582
0.9134 28.4399
0.9082 30.038
0.9091 30.1186
0.911 29.2068
0.9179 27.2488
0.9212 26.0342
0.9205 26.0664
0.917 27.0228
0.917 27.3353
0.917 27.0756
0.9193 26.0607
0.9194 25.9906
0.919 26.1718
0.9167 26.9966
0.9163 27.1136
0.919 26.6551
0.9233 25.518
0.9191 26.3686
0.9153 27.6713
0.9104 28.5722
0.915 27.3101
0.9215 25.3666
0.9262 24.2605
0.9266 24.4374
0.9245 25.4804
0.9225 25.5905
0.9212 26.1677
0.9152 27.1058
0.9154 27.45
0.9149 27.3498
0.9206 25.7436
0.9257 24.2697
0.9275 23.5329
0.927 24.0243
0.9203 25.6919
0.9172 27.1087
0.9149 27.8381
0.9125 28.127
0.922 26.1226
0.9292 23.7395
0.934 21.6214
0.9349 21.4435
0.9327 22.0724
0.927 23.7109
0.9213 25.1868
0.9173 25.9983
0.9176 25.8922
0.9244 24.1671
0.9294 22.8738
0.9327 21.7072
0.935 20.9083
0.9373 20.5053
0.9351 21.4377
0.9321 22.4786
0.9327 22.3485
0.9337 21.9098
0.9346 21.4101
0.9379 20.5103
0.9368 20.5375
0.9355 20.6599
0.9342 20.8836
0.9339 21.0524
0.9321 21.2856
0.9317 21.2499
0.9314 21.2781
0.9341 20.892
0.9351 20.4244
0.9361 19.9867
0.9349 20.6837
0.9328 21.8038
0.9311 22.146
0.9345 21.3745
0.9379 20.4217
0.936 20.498
0.929 22.4171
0.9187 24.7261
0.9181 24.9295
0.9266 22.9045
0.933 21.5735
0.9365 20.5238
0.9386 19.6557
0.9386 19.9487
0.933 21.5412
0.9284 22.7634
0.9293 22.8317
0.9327 21.9495
0.9359 20.7606
0.9375 19.6649
0.9384 19.2296
0.9365 19.6154
0.9328 20.878
0.9301 21.68
0.9364 19.9244
0.9401 19.4373
0.9413 18.9861
0.9406 19.3145
0.9319 21.4764
0.9223 23.7754
0.9189 24.7823
0.9271 22.5736
0.9375 19.9544
0.9419 18.8621
0.9397 19.4113
0.9383 20.0308
0.9374 20.3555
0.9355 20.3402
0.936 19.993
0.9357 20.3942
0.9369 20.4085
0.9332 21.4556
0.9279 23.298
0.9242 24.2878
0.9267 23.1545
0.9315 21.9401
0.9319 21.3615
0.9338 21.4429
0.9351 21.5254
0.9397 20.1231
0.9422 19.2124
0.9441 18.8561
0.9421 19.5025
0.9357 21.125
0.9282 23.6404
0.9289 23.4621
0.9329 21.8778
0.937 20.4603
0.9425 19.1085
0.9426 18.8563
0.9435 18.6097
0.9432 18.7715
0.941 19.0456
0.9427 18.628
0.9452 17.9722
0.9465 17.6465
0.9462 17.3351
0.9468 17.3948
0.9458 17.4987
0.9476 17.1672
0.9484 17.1349
0.9475 17.509
0.945 18.0057
0.9437 18.0797
0.9442 17.7662
0.9455 17.1534
0.9465 16.748
0.9471 16.5319
0.9492 16.2573
0.9502 16.2817
0.9488 16.6781
0.9458 17.7168
0.944 18.4509
0.9424 18.8431
0.9435 18.2532
0.9473 17.2176
0.9477 17.0247
0.9471 17.1602
0.9473 17.1783
0.9497 16.9163
0.9509 16.2275
0.9515 16.1215
0.9505 16.1169
0.9514 16.0794
0.9517 16.1514
0.9484 17.0939
0.946 17.5799
0.9477 17.3565
0.9477 17.0379
0.9481 16.8993
0.9489 17.0994
0.9482 17.0292
0.9472 16.9924
0.9485 16.6724
0.95 16.5261
0.9505 16.4019
0.951 16.3537
0.9509 16.1725
0.95 16.476
0.9463 17.2861
0.9448 18.0187
0.9428 18.5693
0.946 18.0484
0.9482 17.234
0.9497 16.77
0.9506 16.5991
0.9506 16.3217
0.9526 15.8138
0.9534 15.2796
0.9546 14.8833
0.9549 14.6857
0.9548 14.7737
0.9504 16.1297
0.9431 18.0303
0.9432 17.9242
0.9451 17.375
0.9491 16.0126
0.9502 15.7902
0.9508 15.6518
0.9522 15.3603
0.9511 15.9435
0.947 17.2908
0.9436 17.985
0.9411 18.7762
0.94 18.999
0.937 19.6393
0.9399 18.8142
0.9467 17.4301
0.9522 16.1303
0.9521 15.7813
0.9527 16.0005
0.9472 16.8903
0.9479 17.2561
0.9472 17.6331
0.9477 17.1438
0.9515 15.7872
0.955 14.912
0.9548 15.0657
0.9477 17.0812
0.9386 19.3412
0.9336 20.9611
0.9362 19.729
0.9407 18.5533
0.9441 17.6739
0.9448 17.1954
0.9466 16.969
0.9485 16.561
0.9496 16.3968
0.9506 16.5005
0.952 16.3479
0.9521 16.3563
0.9513 16.1421
0.9505 16.6755
0.9489 17.5361
0.9458 18.0729
0.9436 18.6994
0.9433 18.2993
0.9464 17.189
0.9491 16.3848
0.953 15.2512
0.9536 14.4233
0.9519 14.7746
0.9495 15.4966
0.9488 16.0145
0.9487 16.0158
0.9516 15.2742
0.9545 15.0025
0.9542 15.2112
0.9513 16.0315
0.95 16.1989
0.9532 15.3816
0.9565 14.311
0.9602 13.395
0.9605 12.999
0.9605 12.9045
0.9594 13.0558
0.958 13.4216
0.9572 13.6307
0.9587 13.6323
0.9574 13.8156
0.9566 13.9231
0.9563 13.9822
0.9561 14.1505
0.9558 14.0731
0.9564 13.8435
0.9554 13.9077
0.9562 13.8806
0.9557 13.8918
0.9567 14.0278
0.9559 14.1814
0.9565 14.2728
0.9572 13.8962
0.9584 13.3459
0.9589 13.2926
0.9585 13.3698
0.9592 13.5097
0.9584 13.7377
0.9579 13.6648
0.958 13.6273
0.9579 13.6222
0.9573 13.5724
0.9568 13.7571
0.9551 14.0942
0.9539 14.7544
0.9492 15.9946
0.9469 16.7424
0.9476 16.6501
0.9482 16.3755
0.9504 15.7042
0.9535 14.9924
0.9556 14.1693
0.9572 13.2774
0.9585 12.9843
0.9587 13.1041
0.9577 13.5622
0.9557 14.5159
0.9544 15.3999
0.953 15.9122
0.9536 15.2239
0.956 14.1325
0.959 13.4068
0.9591 13.113
0.9598 13.0177
0.9596 13.2087
0.9578 13.7011
0.9558 14.191
0.954 14.9723
0.9513 15.4713
0.9528 15.3058
0.9556 14.6449
0.9568 14.1328
0.9561 14.2344
0.9561 14.5744
0.9537 15.091
0.9519 15.4016
0.9529 15.2947
0.9536 15.1247
0.956 14.5232
0.9567 14.1528
0.9569 14.085
0.9556 14.6403
0.9529 15.2108
0.9525 15.1115
0.9542 14.7902
0.9574 13.9243
0.96 13.4022
0.9605 13.3442
0.961 13.4392
0.9614 13.4805
0.9603 13.7733
0.9602 13.823
0.9587 13.9753
0.957 14.0531
0.9581 14.1261
0.9563 14.5643
0.9555 14.2383
0.9569 13.7683
0.9588 13.3572
0.9579 13.3982
0.9558 13.8566
0.9519 14.8572
0.9488 15.6875
0.9467 16.3798
0.9494 15.7264
0.9528 15.0254
0.9536 14.6628
0.953 14.8658
0.9496 16.2421
0.9445 17.8746
0.9409 19.3508
0.9441 18.3957
0.9529 15.3916
0.9581 13.332
0.9583 12.8503
0.9567 13.2223
0.9566 13.567
0.9542 14.3745
0.9522 14.9091
0.9524 14.7918
0.956 14.2508
0.955 14.113
0.9543 14.7156
0.9528 14.9673
0.9535 14.6541
0.9546 14.4617
0.9565 13.8928
0.9576 13.8276
0.9577 13.898
0.956 13.9581
0.9559 13.8609
0.9564 13.8211
0.9536 14.2358
0.9519 14.8862
0.9522 14.9371
0.9547 14.1575
0.956 13.6074
0.9564 13.6689
0.9549 14.5713
0.9502 15.9414
0.9461 17.372
0.947 17.7538
0.9475 17.2165
0.9501 16.0621
0.9536 15.0736
0.9565 14.1662
0.9571 13.757
0.9561 13.9379
0.9526 14.6107
0.9522 15.0862
0.9527 14.7093
0.9532 14.4774
0.9554 13.8904
0.9587 13.2716
0.9602 13.11
0.9595 13.5728
0.9564 14.3697
0.9539 15.3316
0.9509 15.9038
0.9513 15.8518
0.9519 15.5852
0.9512 15.2795
0.9546 14.6052
0.9575 13.6057
0.9596 12.8573
0.9626 12.2741
0.9629 12.1144
0.9628 12.2976
0.9626 12.4817
0.9626 12.4172
0.9629 12.1326
0.9645 11.59
0.9652 11.2556
0.9643 11.1607
0.9628 11.404
0.9616 12.1392
0.9569 13.2779
0.9536 14.3927
0.9516 15.078
0.9504 15.2957
0.9503 15.406
0.9525 14.5986
0.9575 13.6159
0.9599 12.812
0.9616 12.3304
0.962 11.9766
0.9625 12.0251
0.9628 12.1592
0.9632 12.3076
0.9622 12.4395
0.9621 12.3982
0.9622 12.4514
0.9602 12.5399
0.9602 12.8601
0.9584 13.3636
0.9573 13.5977
0.9566 13.7729
0.9579 13.3781
0.9603 12.8265
0.9602 12.5883
0.9596 12.5869
0.959 12.9235
0.9567 13.6244
0.9545 14.2516
0.9527 14.872
0.9514 15.465
0.9499 15.3884
0.9526 14.6247
0.9565 13.5118
0.9592 12.561
0.961 12.0278
0.9611 12.1132
0.9588 12.4711
0.9587 13.1269
0.9547 14.4524
0.9496 16.0796
0.9499 16.229
0.9555 14.227
0.9584 12.9456
0.9614 11.9932
0.9627 11.4036
0.9635 11.2909
0.9645 11.3067
0.9645 11.3723
0.9635 11.3098
0.965 11.0688
0.9646 11.1985
0.9631 11.5984
0.9623 12.1332
0.9588 12.8913
0.9591 12.9446
0.9609 12.5558
0.9629 11.8138
0.9643 11.2708
0.9649 10.9442
0.9656 10.781
0.9647 10.8766
0.9634 11.1725
0.9624 11.5661
0.9612 11.9047
0.9618 11.6615
0.9625 11.4348
0.9642 11.1199
0.9657 10.8106
0.9662 10.6641
0.9659 10.6977
0.9646 10.9696
0.9643 11.3532
0.9652 11.5877
0.9653 11.5329
0.9663 11.4073
0.9655 11.4932
0.9623 12.1216
0.959 13.1942
0.9549 14.2733
0.953 14.7667
0.9522 14.8433
0.9531 14.7812
0.9535 14.8823
0.9546 14.5481
0.9568 13.6312
0.9586 12.9201
0.9602 12.5079
0.9589 12.5036
0.9603 12.4113
0.9612 12.3667
0.9616 12.2536
0.9646 11.6918
0.9652 11.3
0.9672 11.0697
0.9677 10.9806
0.9682 10.5436
0.9678 10.4724
0.9661 10.7544
0.9656 11.1334
0.9637 11.56
0.9629 11.5819
0.9634 11.3628
0.9635 11.1242
0.9651 10.8614
0.9653 10.7914
0.9658 10.7611
0.967 10.7041
0.9672 10.9277
0.9654 11.1136
0.9656 11.2486
0.9649 11.4066
0.9652 11.3458
0.9653 11.2264
0.9666 10.8925
0.9678 10.5957
0.9682 10.4029
0.9682 10.4963
0.9665 10.7058
0.9647 11.1248
0.9631 11.4825
0.9634 11.5054
0.9627 11.5469
0.9618 11.6733
0.9624 11.7147
0.9618 12.06
0.959 12.7015
0.9585 13.2388
0.9583 13.473
0.9585 13.6771
0.9612 12.7931
0.9638 11.9903
0.965 11.3625
0.9671 10.7985
0.9666 10.5609
0.9662 10.4116
0.9655 10.4968
0.9646 10.92
0.9614 11.8814
0.9595 12.8979
0.9579 13.7246
0.9563 13.9629
0.9586 13.0323
0.9612 11.9567
0.9637 11.1108
0.9655 10.5776
0.9662 10.3975
0.9659 10.4922
0.9651 10.8658
0.963 11.4014
0.9615 11.7921
0.961 12.1233
0.9609 12.2716
0.9619 11.9828
0.9625 11.7648
0.9633 11.7117
0.9639 11.706
0.9643 11.5091
0.9652 11.4171
0.9638 11.5456
0.9633 11.8147
0.9606 12.2259
0.9582 12.9439
0.9568 13.4785
0.9561 13.8747
0.9578 13.6138
0.9588 13.2351
0.9583 13.1926
0.9583 13.1798
0.9596 13.0498
0.9602 12.4815
0.9617 11.8722
0.9629 11.4742
0.9639 11.3379
0.9645 11.2368
0.9652 11.3069
0.9653 11.1454
0.9658 10.9438
0.9661 10.8383
0.9659 10.9114
0.9659 10.9746
0.9667 11.1302
0.9652 11.4739
0.9644 11.6896
0.9641 11.8828
0.9638 12.0483
0.9628 12.0108
0.9635 11.9213
0.9647 11.9252
0.9654 11.8621
0.9655 11.799
0.9657 11.5176
0.9657 11.4116
0.9671 10.8492
0.968 10.5478
0.9677 10.3706
0.9669 10.5243
0.9659 11.0266
0.9633 11.6036
0.964 11.4675
0.9656 11.1804
0.9671 10.7379
0.9677 10.3764
0.9684 10.1596
0.9691 10.0867
0.9691 10.1411
0.9686 10.295
0.9694 10.4357
0.9677 10.7696
0.9667 11.1685
0.9661 11.2557
0.9661 11.3743
0.9655 11.631
0.9661 11.6135
0.9656 11.444
0.9671 10.7739
0.9675 10.4158
0.9659 10.5033
0.9651 10.8841
0.9628 11.2767
0.9627 11.4172
0.9617 11.6444
0.9607 11.789
0.9609 11.794
0.9642 10.9081
0.9667 10.1519
0.969 9.8519
0.9696 9.92853
0.9685 10.1654
0.9682 10.5325
0.9665 10.7105
0.9665 10.8098
0.9674 10.6623
0.9679 10.2725
0.9687 10.0311
0.9701 9.79586
0.9709 9.74409
0.9706 9.85072
0.9692 10.068
0.9671 10.4133
0.9658 10.6606
0.9663 10.5652
0.9665 10.4035
0.9671 10.235
0.9674 10.1736
0.9679 10.1439
0.9685 10.0525
0.9688 9.94014
0.9691 9.81783
0.9697 9.79921
0.969 9.95121
0.9681 10.1633
0.9676 10.3857
0.9666 10.495
0.9664 10.6612
0.9665 10.6777
0.9666 10.2893
0.9686 9.95704
0.9691 9.81553
0.969 9.80114
0.969 9.87124
0.9684 10.1094
0.9683 10.2567
0.9682 10.361
0.9678 10.4805
0.9681 10.4561
0.9674 10.3529
0.9681 10.2662
0.9662 10.4137
0.9661 10.3486
0.9666 10.3798
0.9665 10.4551
0.9676 10.2571
0.9692 9.89958
0.9696 9.67228
0.9698 9.59276
0.9703 9.58829
0.9698 9.65875
0.969 9.71904
0.9702 9.63543
0.9699 9.7002
0.9698 9.8089
0.9688 9.89352
0.9687 9.99216
0.9667 10.2476
0.9663 10.4646
0.9664 10.6833
0.9651 10.9441
0.965 11.1066
0.9658 10.9152
0.9674 10.6428
0.9682 10.6045
0.9682 10.4059
0.968 10.4243
0.9678 10.5139
0.9691 10.1597
0.9713 9.64274
0.9712 9.65259
0.9704 9.90652
0.9689 10.2404
0.9692 10.2635
0.9697 10.0801
0.9687 10.1037
0.9698 10.2538
0.9697 10.3675
0.9687 10.5242
0.9681 10.6843
0.968 10.7196
0.9687 10.3536
0.9697 9.97055
0.9708 9.751
0.972 9.83881
0.9711 9.82805
0.972 9.72939
0.9719 9.61885
0.9719 9.65199
0.9713 9.65336
0.9708 9.64353
0.9712 9.47271
0.9716 9.36855
0.9713 9.30076
0.9717 9.22018
0.9713 9.25165
0.9714 9.29903
0.9712 9.18152
0.9707 9.27373
0.97 9.49926
0.969 9.87505
0.9684 10.375
0.9682 10.7021
0.9672 10.836
0.9664 10.8032
0.9674 10.42
0.9681 10.1129
0.9702 9.61276
0.9704 9.46309
0.9703 9.51274
0.9695 9.73511
0.9686 9.9648
0.9683 10.0593
0.9685 10.193
0.9687 10.2736
0.9686 10.2765
0.9689 10.4108
0.9687 10.5299
0.969 10.3186
0.9701 9.99997
0.9701 9.63983
0.9702 9.43703
0.9702 9.42753
0.9713 9.19793
0.9709 9.12792
0.9707 9.07427
0.9711 9.20055
0.9712 9.28055
0.9702 9.58998
0.9697 9.81619
0.9692 9.76721
0.9688 9.74954
0.9702 9.74346
0.9711 9.60955
0.9706 9.6105
0.9702 9.55458
0.9705 9.41367
0.9702 9.22569
0.9699 9.15526
0.9687 9.21119
0.9685 9.35133
0.9675 9.64311
0.9676 9.78923
0.9687 9.84381
0.968 10.2022
0.9673 10.5285
0.9674 10.814
0.9669 11.1509
0.9655 11.4967
0.9651 11.7257
0.9645 11.8537
0.9644 11.6802
0.9655 11.2131
0.9657 10.5829
0.9677 10.1607
0.9689 9.80953
0.9689 9.83518
0.9689 10.0192
0.9678 10.1941
0.9665 10.4177
0.965 10.5963
0.9645 10.6502
0.9652 10.4979
0.9664 10.0674
0.9679 9.69049
0.9692 9.44447
0.9711 9.25867
0.9717 9.10743
0.9713 9.19776
0.9713 9.42506
0.9696 9.73854
0.9685 10.0583
0.9673 10.3903
0.9688 9.84867
0.9703 9.44629
0.9711 9.36724
0.9704 9.53161
0.9697 9.73142
0.97 9.61367
0.9689 9.87278
0.9679 10.1883
0.9697 9.82258
0.9701 9.64972
0.9709 9.49328
0.97 9.52357
0.9702 9.69416
0.9701 9.91969
0.969 10.1685
0.9671 10.5266
0.9663 10.8621
0.9692 10.4882
0.9693 10.0957
0.9708 9.81466
0.9713 9.57416
0.9718 9.42462
0.972 9.54513
0.9703 9.87047
0.9687 10.2567
0.9677 10.6047
0.9675 10.7331
0.9679 10.7351
0.9682 10.5562
0.968 10.4664
0.9679 10.4884
0.967 10.6383
0.9674 10.6144
0.969 10.3373
0.9698 10.221
0.9688 10.3509
0.969 10.3984
0.9686 10.5057
0.9676 10.7212
0.9675 11.0076
0.9665 11.5352
0.9644 12.2819
0.9624 12.9734
0.963 13.0067
0.9634 12.3325
0.9649 11.8255
0.9649 11.3971
0.9652 11.3308
0.9651 11.1553
0.9663 10.8603
0.9669 10.5579
0.9678 10.2412
0.9696 10.0503
0.9696 10.151
0.968 10.3879
0.9666 10.7077
0.968 10.3503
0.9671 10.2705
0.9672 10.327
0.9674 10.3652
0.9674 10.6862
0.9678 10.8481
0.9683 11.0925
0.9676 11.217
0.9674 11.2582
0.9673 11.2626
0.9676 11.1369
0.9685 10.764
0.969 10.4681
0.9696 10.1347
0.9696 9.95704
0.9697 10.0131
0.969 10.0871
0.9684 10.1155
0.9691 10.1578
0.9698 9.93222
0.9707 9.54533
0.9719 9.22117
0.9724 9.09145
0.9722 9.06438
0.9722 9.04479
0.9725 8.88623
0.972 8.84335
0.9714 8.86792
0.9711 8.9868
0.9712 9.1847
0.9707 9.53059
0.9685 9.94925
0.9665 10.4441
0.9648 10.8663
0.9634 11.1897
