Extracting MNIST_data/train-images-idx3-ubyte.gz
Extracting MNIST_data/train-labels-idx1-ubyte.gz
Extracting MNIST_data/t10k-images-idx3-ubyte.gz
Extracting MNIST_data/t10k-labels-idx1-ubyte.gz
0.0987 228.027
0.1533 224.352
0.2619 220.044
0.3146 215.205
0.3446 209.176
0.3595 202.112
0.4014 193.652
0.4119 184.443
0.4907 174.185
0.5283 160.744
0.5399 151.705
0.5907 139.376
0.6572 126.672
0.6897 119.054
0.7041 110.445
0.7197 100.437
0.7046 99.042
0.7781 82.1422
0.7543 82.446
0.7608 77.6927
0.7985 67.524
0.7979 65.2632
0.7978 64.5926
0.7971 63.8782
0.82 59.4056
0.8071 62.2634
0.8254 57.4322
0.8251 56.1031
0.8351 53.8531
0.8378 53.0716
0.842 52.4389
0.8618 47.2662
0.8701 45.4924
0.8602 48.0794
0.8542 49.2098
0.8547 48.8549
0.8697 44.1388
0.8818 41.5621
0.8688 45.0068
0.8627 47.3835
0.8679 45.9973
0.8723 43.325
0.8759 41.7511
0.8725 42.7321
0.8727 44.5483
0.8781 42.9302
0.8783 41.5764
0.8777 41.0727
0.8807 39.1286
0.8872 37.8532
0.8851 37.9325
0.8787 40.028
0.8725 41.429
0.8669 42.9264
0.8808 39.3248
0.8929 36.9144
0.8915 37.2395
0.8848 39.4156
0.8769 41.4988
0.889 38.1384
0.9014 34.725
0.9008 34.7665
0.8971 35.1647
0.892 35.1152
0.8974 34.3258
0.8985 34.407
0.8964 34.9802
0.8989 34.1096
0.8998 33.5677
0.9003 33.2427
0.904 32.6494
0.9038 33.0741
0.9001 34.4029
0.8901 37.6244
0.8868 38.7749
0.8919 36.9755
0.9016 33.6461
0.9024 33.5989
0.891 36.848
0.877 40.3122
0.8754 40.6263
0.8798 39.185
0.888 35.7632
0.8906 33.9392
0.8961 33.3298
0.8923 35.538
0.9017 33.0952
0.9065 31.1944
0.9067 31.0707
0.9029 32.322
0.8993 33.1033
0.8963 34.4394
0.8972 34.0388
0.9103 29.9731
0.9105 29.429
0.9053 31.4244
0.9016 33.1929
0.8998 33.5996
0.9024 32.2703
0.9048 31.8018
0.9069 31.343
0.9094 30.9306
0.9083 30.4811
0.9107 29.5751
0.9129 29.2326
0.9136 29.0423
0.9136 29.1166
0.9124 29.7557
0.9129 29.6166
0.9121 29.9903
0.9119 30.0353
0.9167 29.3305
0.9187 28.2539
0.9227 26.8619
0.9251 25.7568
0.9268 25.0539
0.9227 25.8708
0.9101 28.7271
0.9057 30.2762
0.9189 26.8469
0.9279 24.3339
0.9292 24.4293
0.9247 25.2232
0.9189 26.5867
0.916 27.979
0.9138 28.9052
0.9145 28.9788
0.9197 27.2043
0.9238 25.8282
0.9253 25.3386
0.9245 25.4711
0.924 25.6235
0.9216 26.5191
0.9207 26.834
0.9204 27.1839
0.9224 26.9234
0.924 26.5835
0.9266 25.3814
0.929 24.029
0.9284 23.7833
0.9279 23.9498
0.9238 25.367
0.9149 29.3032
0.911 30.3821
0.9154 29.1506
0.9241 25.8787
0.932 22.7889
0.9341 21.5946
0.9332 22.7382
0.9222 26.367
0.9123 29.0438
0.9197 26.988
0.9272 24.3446
0.9319 22.7264
0.934 22.0873
0.9324 22.4105
0.9299 23.1812
0.9283 23.619
0.9283 22.9165
0.9322 22.2189
0.9339 21.875
0.936 21.2629
0.9375 20.6849
0.9383 20.3734
0.9405 20.1902
0.9394 20.3716
0.9393 21.0405
0.937 21.9746
0.9354 22.4092
0.9339 22.6041
0.9355 22.0675
0.9387 21.1009
0.9393 20.4908
0.9416 20.1294
0.9401 20.378
0.9382 21.0419
0.9352 21.7101
0.9338 22.0383
0.9351 21.7754
0.9385 21.1302
0.9402 20.389
0.9419 19.7567
0.9423 19.59
0.9417 19.3815
0.942 19.2696
0.9416 19.5116
0.9408 19.9809
0.9396 20.3213
0.9384 20.8353
0.9361 21.0662
0.937 20.937
0.9387 20.4754
0.94 20.0122
0.9409 19.5182
0.9414 19.3528
0.9397 19.7158
0.9357 20.8169
0.9334 21.3996
0.9354 21.1028
0.9373 20.6016
0.9359 20.4854
0.9361 20.8242
0.9363 21.2798
0.9317 22.1637
0.9246 23.5931
0.924 23.8454
0.9325 22.0181
0.9417 19.5693
0.9468 18.2191
0.9466 18.269
0.9415 19.1776
0.9374 20.5011
0.9362 21.2062
0.9365 20.8934
0.9419 19.3631
0.946 18.0751
0.946 17.9671
0.9435 18.9996
0.9417 19.7514
0.9403 19.8082
0.9419 19.222
0.946 18.1054
0.9489 17.3286
0.9501 17.296
0.9475 17.9163
0.9445 18.5493
0.9451 18.6842
0.9455 18.5707
0.9451 18.9008
0.9433 19.1414
0.9443 18.7883
0.9472 17.7602
0.9479 17.5077
0.945 18.0028
0.9418 18.5531
0.943 18.2724
0.9457 17.9961
0.9459 17.7162
0.9467 17.589
0.9474 17.8017
0.9455 18.1353
0.9444 18.3613
0.9442 18.1899
0.9461 17.5018
0.9477 17.3305
0.947 17.6131
0.9455 18.2099
0.9442 18.649
0.9443 18.5496
0.9474 17.5949
0.948 17.2084
0.9462 17.3497
0.943 18.0004
0.9435 17.919
0.9467 17.512
0.9473 17.3849
0.9464 17.6775
0.9451 17.9812
0.9458 17.7908
0.9468 17.6889
0.946 17.8228
0.9445 18.1267
0.9443 18.1811
0.9461 17.5624
0.9497 16.655
0.9519 15.9549
0.9513 16.0564
0.9499 16.971
0.9441 18.07
0.9405 19.0025
0.9413 18.8581
0.9422 18.3848
0.9457 17.304
0.9505 16.3904
0.9506 16.2549
0.951 16.4968
0.949 16.8644
0.949 16.6518
0.9499 16.6619
0.9488 16.7447
0.9471 17.6059
0.9427 18.8402
0.9432 18.6875
0.9451 17.8698
0.9456 17.2631
0.9463 16.8765
0.9479 16.5477
0.9473 16.6804
0.944 17.3882
0.9398 18.6621
0.9414 18.4998
0.9466 17.3164
0.951 16.1766
0.9497 16.6077
0.9473 17.4865
0.9453 17.9293
0.9424 18.5803
0.9411 19.4722
0.9463 17.3698
0.9503 16.3153
0.951 16.181
0.9499 16.2301
0.9484 16.5188
0.9445 17.104
0.9444 17.0254
0.948 16.439
0.9478 16.7047
0.9487 16.9393
0.9477 16.9452
0.95 16.7855
0.9504 16.9377
0.9475 17.7337
0.9428 19.094
0.9367 20.6842
0.9452 18.8738
0.9477 17.6731
0.9486 17.3071
0.9492 16.8725
0.9499 16.7206
0.9509 16.2694
0.9519 15.7973
0.9516 15.7819
0.9508 16.2553
0.9491 16.7582
0.9476 17.3535
0.9462 17.922
0.946 18.0707
0.9457 17.8499
0.9471 17.4205
0.9479 16.8071
0.9491 16.4229
0.9496 16.2308
0.9495 16.4207
0.9494 16.3158
0.951 15.9943
0.9515 15.941
0.9501 15.9439
0.9502 16.3496
0.9485 16.7796
0.9461 17.398
0.9467 17.3253
0.9492 17.0164
0.9499 16.8538
0.95 16.379
0.9513 15.8276
0.9514 15.4914
0.9518 15.201
0.954 14.4904
0.9553 14.1245
0.9557 14.0707
0.9559 14.3301
0.9537 14.7986
0.9528 14.8746
0.9538 14.844
0.9535 14.8887
0.9518 15.3049
0.9517 15.1719
0.953 14.9546
0.9551 14.3104
0.9561 13.9889
0.9554 13.9565
0.9545 14.1056
0.9533 14.4143
0.9538 14.692
0.9524 15.1622
0.9521 15.1381
0.9541 14.6198
0.9544 14.2868
0.9549 14.1646
0.9572 14.1002
0.9576 14.3064
0.9559 14.982
0.9503 16.0059
0.9501 16.4924
0.9496 16.7773
0.9497 16.6128
0.951 16.3244
0.9528 15.6684
0.9538 15.1526
0.9549 14.693
0.9555 14.5488
0.955 14.4433
0.9549 14.9022
0.952 15.2573
0.9529 15.0568
0.9553 14.4631
0.9572 14.0936
0.9577 14.1164
0.9568 14.6129
0.9564 14.8813
0.9574 14.475
0.9584 13.9745
0.9576 13.9613
0.9556 14.2743
0.9563 14.1272
0.9568 13.8295
0.9563 13.7002
0.9571 13.693
0.957 13.6894
0.9578 13.8321
0.9573 13.7236
0.9582 13.5589
0.9588 13.5661
0.9572 13.535
0.9577 13.3127
0.959 12.7538
0.9604 12.4734
0.9602 12.5741
0.959 13.2029
0.9565 14.0931
0.9528 15.1874
0.95 16.0959
0.9511 15.7381
0.9538 14.9892
0.9574 14.1871
0.959 13.6954
0.9605 13.5689
0.9596 13.5571
0.9584 13.5762
0.9579 13.5695
0.9587 13.3238
0.9601 13.1525
0.9591 13.0152
0.9581 13.1248
0.9565 13.6761
0.9544 14.1069
0.9543 14.1946
0.954 14.1724
0.9556 13.8844
0.9557 13.726
0.9562 13.599
0.9574 13.4729
0.9586 13.4449
0.9582 13.7658
0.9549 14.2945
0.9528 14.7988
0.953 15.0121
0.9528 14.9394
0.956 14.1657
0.9573 13.5412
0.9568 13.5246
0.9558 14.2537
0.9498 15.6439
0.947 16.6664
0.9452 17.2367
0.947 16.7819
0.95 15.6683
0.9535 14.8998
0.9559 14.1103
0.9561 14.1515
0.9552 14.6272
0.9512 15.9887
0.949 16.7926
0.9461 17.1468
0.946 17.3034
0.9471 16.6852
0.9503 15.8322
0.9528 14.9954
0.9526 14.7396
0.9531 14.9251
0.953 15.2571
0.9524 15.5447
0.953 15.6063
0.954 15.1694
0.9565 14.4159
0.9597 13.5055
0.9601 13.2009
0.9586 13.2822
0.9578 13.2756
0.9579 13.6247
0.9549 14.2937
0.9527 15.2417
0.95 15.9022
0.9506 15.7964
0.9507 15.6953
0.9506 15.9183
0.9527 15.52
0.9529 15.1922
0.952 15.094
0.9524 15.0886
0.953 14.7773
0.9554 14.4784
0.9545 14.4572
0.9552 14.2405
0.9562 14.1599
0.9566 13.7502
0.9589 13.2372
0.9586 13.1958
0.9579 13.5083
0.9548 14.0918
0.9547 14.1614
0.9565 13.7487
0.9583 13.2151
0.9597 13.0515
0.9597 13.1887
0.9589 13.342
0.959 13.2791
0.9592 13.3147
0.9582 13.5161
0.9579 13.6615
0.9577 13.9739
0.9553 14.4318
0.957 14.2259
0.9562 14.4305
0.9541 15.0411
0.9519 15.7607
0.9515 15.8887
0.949 16.4442
0.9503 16.2097
0.956 14.6269
0.9591 13.389
0.9617 12.4757
0.9634 11.8306
0.964 11.5323
0.9643 11.6702
0.9637 12.0709
0.9628 12.4453
0.9606 13.1454
0.959 13.8508
0.9572 14.7002
0.9554 15.4711
0.9548 15.7001
0.9552 15.4948
0.9568 14.5846
0.9598 13.779
0.9624 13.0829
0.9622 12.7938
0.9611 13.2045
0.9586 13.91
0.9574 14.2491
0.9571 14.3229
0.9562 14.4177
0.9558 14.5604
0.955 14.8082
0.956 14.55
0.9575 14.2092
0.962 13.0583
0.9642 12.2807
0.9643 12.1464
0.9641 12.1236
0.9639 12.4339
0.9623 12.9647
0.9593 13.716
0.9581 13.9977
0.9584 14.0939
0.9585 14.0147
0.9584 13.7863
0.9607 13.3677
0.9617 12.9369
0.9636 12.5766
0.964 12.097
0.9641 11.8871
0.9639 12.0082
0.9639 12.2352
0.9631 12.425
0.9641 12.3224
0.9649 12.1385
0.965 11.9079
0.9649 11.758
0.9643 11.7444
0.964 11.7892
0.9624 12.0693
0.9614 12.3408
0.961 12.3342
0.9611 12.0556
0.9627 11.665
0.9634 11.493
0.9639 11.3886
0.9634 11.4507
0.9632 11.741
0.9629 12.0858
0.9622 12.2081
0.9621 12.2185
0.9622 12.1521
0.9621 12.2623
0.9626 12.3342
0.9625 12.1364
0.9632 12.0603
0.9632 11.929
0.9627 11.781
0.9639 11.652
0.964 11.6048
0.9642 11.4967
0.9646 11.3647
0.9643 11.2457
0.9655 11.0618
0.9654 11.0946
0.9656 11.1161
0.9659 11.2237
0.964 11.5477
0.9625 11.922
0.9591 12.6795
0.9604 12.2698
0.9628 11.667
0.9647 11.2829
0.9644 11.0914
0.965 11.0906
0.9637 11.3336
0.9637 11.5896
0.9634 11.527
0.9642 11.2817
0.9645 10.9995
0.9649 10.8291
0.9651 10.7407
0.9645 10.8107
0.9642 11.0254
0.9643 11.1165
0.964 11.1431
0.9629 11.3538
0.9624 11.6924
0.9616 11.9415
0.9607 12.2145
0.9598 12.5185
0.9597 12.818
0.9592 12.7864
0.9599 12.639
0.9592 12.6695
0.9583 12.6059
0.9597 12.2991
0.9597 12.2992
0.9622 11.9806
0.9637 11.5547
0.964 11.5071
0.9636 11.7394
0.9625 12.1244
0.9609 12.534
0.9601 12.6027
0.9611 12.3414
0.9613 11.935
0.9623 11.5854
0.9636 11.6345
0.9633 11.7857
0.9622 12.1362
0.962 12.8764
0.9596 13.7205
0.9586 13.635
0.9592 13.386
0.9595 13.279
0.9603 13.279
0.9607 12.7278
0.9608 12.4428
0.9619 12.296
0.9629 12.4812
0.9628 12.7504
0.9614 13.1341
0.9606 13.2964
0.96 13.194
0.9606 12.5387
0.9621 12.3739
0.9607 12.5616
0.9604 12.5725
0.9626 12.0916
0.9647 11.3842
0.9647 11.149
0.9654 11.146
0.9653 11.1658
0.966 10.9315
0.9667 10.8826
0.9673 10.8789
0.9674 10.925
0.9664 10.9572
0.9679 10.8671
0.9668 10.9103
0.9667 10.8241
0.9671 10.7639
0.9672 10.9449
0.9671 11.0924
0.9666 11.2773
0.9657 11.5579
0.9647 11.9355
0.964 12.2197
0.9641 12.2883
0.9636 12.2055
0.964 12.3117
0.962 12.8359
0.9594 13.5932
0.958 13.6346
0.9594 13.1827
0.9605 12.3539
0.9641 11.4917
0.9657 10.8342
0.966 10.7688
0.9645 11.2189
0.9613 11.9382
0.959 12.5789
0.9592 12.6598
0.9614 12.2405
0.9652 11.1594
0.966 10.8662
0.9658 10.9975
0.9663 11.0682
0.9654 11.3045
0.9644 11.4337
0.9631 11.5341
0.9641 11.3251
0.9659 10.8093
0.9671 10.4906
0.9683 10.2435
0.9691 10.0976
0.9684 10.223
0.9677 10.3661
0.9673 10.4017
0.9672 10.5395
0.9671 10.8075
0.967 10.9063
0.9664 10.9475
0.9663 11.0089
0.9659 11.1673
0.9659 11.008
0.9665 10.9654
0.9664 10.887
0.9669 10.8469
0.9658 10.9851
0.9658 11.2321
0.9667 11.0226
0.9673 10.7518
0.9673 10.5916
0.9665 10.5852
0.9674 10.5356
0.9667 10.5569
0.9673 10.4651
0.9656 10.5029
0.9655 10.6991
0.9658 10.7736
0.9659 10.9214
0.9665 11.1123
0.9657 11.0822
0.965 11.1347
0.9656 11.2639
0.9663 11.092
0.9667 10.973
0.9668 10.9882
0.9658 11.1237
0.9662 10.9921
0.9674 10.6742
0.9689 10.5023
0.969 10.4178
0.9685 10.462
0.9675 10.5253
0.9665 10.7433
0.9655 11.0486
0.966 10.921
0.9665 10.6544
0.9666 10.3499
0.9667 10.2272
0.9675 10.1982
0.9657 10.5116
0.9635 10.9062
0.9626 11.2316
0.9634 11.1938
0.9635 11.3083
0.9634 11.4564
0.9641 11.5482
0.9645 11.4398
0.9648 11.3155
0.966 11.0143
0.966 10.766
0.9666 10.6263
0.9655 10.7213
0.9647 10.8726
0.9647 10.9576
0.9655 10.6426
0.9665 10.3636
0.9664 10.1546
0.9673 9.97168
0.9692 9.95496
0.9688 9.96932
0.9681 10.1451
0.9669 10.5407
0.9656 10.9433
0.9635 11.3924
0.9619 11.8771
0.9608 12.1993
0.9612 12.1347
0.9627 11.7558
0.9643 11.4744
0.9664 11.0137
0.9676 10.6526
0.9661 10.6647
0.9657 10.9118
0.966 11.059
0.9646 11.2256
0.9651 11.2117
0.9667 11.0493
0.967 10.7163
0.9676 10.5805
0.9688 10.3243
0.9693 9.98863
0.9686 9.88394
0.9689 9.92209
0.9681 10.12
0.9683 10.2502
0.9688 10.2466
0.9693 10.2755
0.9706 10.1585
0.9704 9.98114
0.9709 9.87257
0.9715 9.73531
0.9722 9.62828
0.9716 9.45423
0.9724 9.31384
0.9724 9.27769
0.9722 9.36963
0.9701 9.67889
0.9688 10.2219
0.9661 10.8301
0.965 11.474
0.965 11.4102
0.9654 11.0268
0.9675 10.5106
0.9687 10.1169
0.9702 9.80978
0.9709 9.64972
0.9702 9.77486
0.9697 10.1786
0.9687 10.5439
0.967 10.8958
0.9669 11.1028
0.9689 10.5562
0.9705 10.0506
0.9695 9.74941
0.9696 9.73131
0.9698 9.85909
0.9688 10.0309
0.9684 10.0914
0.968 10.236
0.9679 10.4217
0.9674 10.6036
0.9671 10.7812
0.967 10.6957
0.9677 10.6507
0.9689 10.3495
0.9696 10.2
0.9691 10.0728
0.9695 10.0019
0.9685 10.092
0.9686 10.3721
0.9675 10.7118
0.9673 10.7629
0.9667 10.6002
0.9669 10.555
0.9681 10.312
0.9669 10.2534
0.9671 10.2858
0.9672 10.3877
0.967 10.5956
0.967 10.6589
0.9669 10.4889
0.968 10.137
0.9692 9.8964
0.9712 9.79395
0.9703 9.7508
0.9697 9.75018
0.9693 9.9214
0.968 10.1496
0.9662 10.4524
0.9648 10.7917
0.9643 11.0906
0.9639 11.1816
0.9652 11.0821
0.9649 10.9779
0.9665 10.8177
0.967 10.8997
0.9661 11.1121
0.9658 11.345
0.9647 11.4365
0.9642 11.4023
0.9654 11.2713
0.9672 10.7722
0.9675 10.488
0.9663 10.5357
0.9658 10.6869
0.9648 11.1526
0.9628 11.7032
0.9622 11.7054
0.9645 11.3018
0.9645 11.0405
0.9654 10.7504
0.9663 10.5216
0.9671 10.2318
0.9684 10.0777
0.9688 9.87821
0.9689 9.84445
0.9682 10.0511
0.9681 10.3158
0.9683 10.5684
0.9681 10.6466
0.9688 10.5821
0.9689 10.4464
0.9684 10.4136
0.9684 10.5061
0.9673 10.6863
0.9672 10.703
0.9678 10.6285
0.9689 10.5259
0.9695 10.6359
0.9694 10.6968
0.9697 10.7863
0.9699 10.7214
0.9701 10.4928
0.9705 10.1633
0.9712 9.9318
0.9716 9.75646
0.9716 9.65945
0.9714 9.71213
0.9705 9.71439
0.9693 9.7903
0.9688 9.91956
0.9673 10.1871
0.9657 10.6181
0.9656 11.0766
0.9639 11.5037
0.9628 11.9457
0.9617 12.1754
0.9619 11.9754
0.9637 11.4717
0.9654 10.821
0.9673 10.2775
0.9695 9.87427
0.9696 9.71712
0.9702 9.78431
0.97 9.84208
0.9697 9.88488
0.9697 9.91572
0.9695 9.98308
0.969 10.1593
0.9691 10.2979
0.9694 10.1692
0.97 10.1615
0.971 9.79625
0.971 9.59811
0.9714 9.33543
0.9722 9.15984
0.9727 9.05132
0.9718 8.92193
0.9727 8.96173
0.9722 9.2345
0.9712 9.58746
0.9685 10.0035
0.9673 10.4229
0.9656 10.6925
0.9653 10.9089
0.9648 11.003
0.9651 11.0203
0.9663 10.4946
0.9685 10.1001
0.9692 9.81537
0.9702 9.70406
0.9709 9.67404
0.9706 9.61914
0.9702 9.62622
0.9705 9.72499
0.9703 9.72685
0.9708 9.57046
0.9707 9.58202
0.9704 9.69781
0.9701 9.82516
0.9691 10.03
0.9684 10.318
0.9675 10.5795
0.9671 10.6724
0.9659 10.7996
0.9662 10.8365
0.9658 10.8391
0.9667 10.7278
0.968 10.4103
0.97 9.78285
0.9712 9.29477
0.9722 8.97445
0.9737 8.72454
0.9729 8.66863
0.9726 8.75978
0.9728 8.91824
0.9729 9.02967
0.9723 9.09434
0.9722 9.16676
0.9719 9.21305
0.9733 8.83582
0.9738 8.51884
0.9738 8.39327
0.9734 8.44494
0.9723 8.63254
0.9706 9.01461
0.9697 9.43415
0.969 9.76473
0.9681 9.99127
0.9676 10.2107
0.9666 10.3712
0.9666 10.3557
0.9668 10.3444
0.9665 10.4816
0.967 10.5827
0.9686 10.0349
0.9701 9.28173
0.9722 8.61736
0.9735 8.40433
0.9742 8.39233
0.9745 8.44298
0.973 8.52676
0.9729 8.65107
0.9729 8.58954
0.9734 8.3885
0.9738 8.34744
0.9741 8.41885
0.9732 8.60689
0.9725 8.85161
0.9698 9.25674
0.9695 9.62939
0.9681 10.1206
0.9657 10.4747
0.9646 10.8755
0.9643 11.1152
0.9647 11.0058
0.9655 10.8448
0.9668 10.4976
0.9691 9.7005
0.9708 9.27102
0.9718 9.04816
0.9716 9.04529
0.9711 9.19569
0.9705 9.51994
0.969 9.91012
0.9682 10.2236
0.9681 10.3033
0.9679 10.1675
0.9686 10.0376
0.9689 9.95611
0.9681 9.9526
0.9688 10.0576
0.968 10.2545
0.9668 10.786
0.9639 11.7704
0.9602 12.9617
0.9593 13.7079
0.9607 12.9982
0.9647 11.5781
0.9692 10.1382
0.9719 9.31259
0.9731 8.94984
0.9721 9.15941
0.97 9.76619
0.9673 10.479
0.9657 10.9545
0.9646 11.2117
0.9669 10.3302
0.9691 9.80932
0.9694 9.58687
0.9697 9.57518
0.9694 9.77786
0.9696 9.91335
0.9706 9.71066
0.9726 9.13736
0.9722 9.0514
0.971 9.34838
0.9696 9.75642
0.9684 10.1484
0.9673 10.2927
0.9663 10.5311
0.966 10.6768
0.9657 10.8006
0.9656 10.7144
0.9665 10.5633
0.9674 10.3427
0.9689 9.9504
0.9695 9.66794
0.9692 9.59883
0.9697 9.47918
0.9693 9.47496
0.9693 9.53758
0.9694 9.74853
0.9704 9.82971
0.9704 9.91433
0.9706 9.89162
0.9705 9.87533
0.9698 9.8084
0.9697 9.68662
0.9702 9.67086
0.9704 9.63719
0.9699 9.67998
0.9709 9.47528
0.972 9.33095
0.9718 9.25805
0.9718 9.17352
0.9714 9.20511
0.97 9.34736
0.9692 9.70443
0.9672 10.2854
0.9664 10.494
0.9682 10.0907
0.9681 9.83239
0.9689 9.6199
0.969 9.509
0.9704 9.37862
0.9708 9.24909
0.9711 9.25692
0.9702 9.39917
0.97 9.54745
0.9692 9.73348
0.9676 10.2484
0.9659 10.9511
0.9651 11.2831
0.9653 11.267
0.966 10.9421
0.9686 10.4395
0.9703 9.95154
0.9711 9.57889
0.9729 9.23517
0.9737 9.06995
0.9722 9.13637
0.9704 9.42773
0.9686 9.79685
0.9675 10.1979
0.966 10.695
0.9644 11.0273
0.9647 10.9652
0.9655 10.8005
0.9664 10.6422
0.9673 10.2817
0.9672 9.9004
0.9696 9.66642
0.9703 9.58067
0.9699 9.53075
0.9705 9.51384
0.9697 9.5823
0.9696 9.71917
0.9692 9.80772
0.9684 9.96377
0.9687 9.98007
0.9697 9.74616
0.9718 9.20441
0.9724 8.98052
0.9719 8.89999
0.9721 8.90838
0.9725 8.96584
0.9718 9.06968
0.9709 9.29731
0.9698 9.7188
0.9698 9.82444
0.9701 9.65374
0.971 9.51177
0.9709 9.39309
0.9711 9.42169
0.9707 9.54414
0.9703 9.46083
0.9706 9.44287
0.9705 9.43369
0.9691 9.62827
0.9678 9.86092
0.9669 10.0311
0.9663 10.1942
0.9664 10.0724
0.9672 9.90103
0.9677 9.80543
0.9683 9.66137
0.9688 9.62595
0.97 9.72078
0.9685 9.83603
0.9684 9.85894
0.969 9.81206
0.9678 9.90688
0.9682 10.102
0.9683 10.2032
0.9699 10.0989
0.9702 10.0311
0.97 10.0158
0.9696 9.99093
0.9705 9.65934
0.9712 9.28315
0.9727 8.94665
0.9733 8.77042
0.9729 8.7474
0.972 8.86226
0.971 9.03273
0.9699 9.26003
0.9699 9.49673
0.9693 9.81714
0.9689 10.1261
0.9688 9.86742
0.9695 9.71029
0.97 9.62304
0.9697 9.70431
0.9694 9.83218
0.9698 9.62811
0.9701 9.50897
0.9705 9.62672
0.9702 9.43614
0.971 9.30186
0.9715 9.3905
0.971 9.55856
0.9703 9.75732
0.9692 9.90971
0.9686 10.0973
0.9682 9.85567
0.9708 9.49833
0.9721 9.15489
0.9731 9.05198
0.9723 9.25361
0.9701 9.68509
0.9684 10.3413
0.9679 10.7078
0.9684 10.4775
0.9705 9.71258
0.9739 9.0342
0.9752 8.69349
0.9744 8.64804
0.9743 8.64849
0.9746 8.71078
0.9742 8.81355
0.9739 8.81683
0.9732 8.93442
0.972 9.03277
0.9727 8.85353
0.9732 8.74966
0.9737 8.6589
0.9742 8.61903
0.9747 8.49384
0.9751 8.42914
0.9749 8.53547
0.9735 8.79275
0.9728 8.87797
0.9731 8.82558
0.9729 8.83927
0.9735 8.85451
0.9739 8.72503
0.9743 8.53803
0.9741 8.2627
0.9747 8.02441
0.976 7.80175
0.9775 7.68934
0.9778 7.68979
0.9772 7.75784
0.9762 7.91734
0.9757 8.12918
0.9755 8.31871
0.9744 8.4658
0.9743 8.43411
0.9741 8.37636
0.9746 8.2376
0.975 8.10782
0.9751 8.01822
0.9752 7.97627
0.9747 8.00097
0.9751 8.01925
0.9753 8.0791
0.9755 8.15234
0.9755 8.20288
0.9752 8.22206
0.9749 8.25673
0.9739 8.30312
0.975 8.1919
0.9763 7.98984
0.9769 7.86498
0.9766 7.85554
0.9764 7.88058
0.9766 7.86442
0.977 7.86696
0.9766 7.87451
0.9772 7.81942
0.9773 7.77015
0.9771 7.72694
0.9775 7.74117
0.9771 7.72861
0.9777 7.71117
0.978 7.71898
0.9782 7.69518
0.9777 7.74713
0.976 7.82499
0.9756 7.98515
0.9744 8.21361
0.9738 8.42599
0.9735 8.62655
0.973 8.68763
0.9736 8.64111
0.9739 8.54616
0.9745 8.44526
0.9752 8.34136
0.9754 8.29825
0.9754 8.27009
0.9758 8.15491
0.9756 8.03149
0.9757 7.98145
0.9754 8.03143
0.976 8.05489
0.976 8.12109
0.9759 8.19071
0.9754 8.35734
0.9747 8.55102
0.974 8.68714
0.9734 8.81294
0.973 8.8847
0.9731 8.91292
0.9734 8.85127
0.973 8.80021
0.9732 8.69044
0.9732 8.60676
0.9733 8.44926
0.9743 8.31235
0.9739 8.29995
0.9742 8.37881
0.9733 8.61595
0.9726 8.86933
0.9717 9.33756
0.9713 9.45427
0.971 9.3059
0.9732 8.96942
0.9756 8.54693
0.9765 8.23334
0.9767 8.00671
0.9772 7.85576
0.9762 7.82587
0.9753 7.94573
0.9747 8.1839
0.9742 8.45644
0.9732 8.77061
0.9733 8.965
0.9729 9.13336
0.9722 9.30342
0.9719 9.2358
0.9729 9.2472
0.9727 9.25346
0.9719 9.41296
0.9717 9.40412
0.9719 9.2394
0.9731 9.04388
0.9737 8.78559
0.9745 8.50511
0.975 8.32149
0.9752 8.19261
0.9756 8.08697
0.9761 7.92983
0.9762 7.85818
0.9762 7.87061
0.9766 7.82913
0.9771 7.84282
0.9764 7.92471
0.9759 7.87297
0.9761 7.83292
0.9762 7.75743
0.9767 7.72005
0.9765 7.58415
0.9768 7.48315
0.9772 7.37904
0.9774 7.30426
0.977 7.26423
0.9773 7.13638
0.9778 7.06098
0.9783 6.97671
0.9789 6.96764
0.9786 7.07981
0.9779 7.28381
0.9768 7.46926
0.9768 7.51681
0.9767 7.54373
0.9766 7.58621
0.9769 7.61921
0.9774 7.63169
0.9778 7.56516
0.9777 7.49964
0.9782 7.46454
0.9779 7.45956
0.9778 7.37141
0.9774 7.33656
0.9784 7.33731
0.978 7.43599
0.9773 7.66472
0.9759 7.8996
0.975 8.0564
0.9745 8.19738
0.9739 8.34671
0.9739 8.37451
0.9744 8.22128
0.9752 8.08189
0.9758 7.97707
0.9755 7.97066
0.9758 8.01566
0.9753 7.99983
0.975 7.98891
0.9752 7.95823
0.9747 7.96885
0.9752 8.01219
0.9752 8.15662
0.9748 8.34234
0.9748 8.54778
0.9742 8.77355
0.9739 8.90946
0.9736 8.90577
0.9738 8.91905
0.9737 8.82427
0.9742 8.72472
0.9742 8.56417
0.9743 8.41289
0.9745 8.38786
0.9739 8.42998
0.9743 8.40021
0.9747 8.35307
0.9754 8.33643
0.9749 8.37415
0.9739 8.47578
0.9734 8.63702
0.9725 8.86578
0.9712 9.09887
0.9706 9.35476
0.9709 9.3592
0.9712 9.27558
0.9731 8.79587
0.9748 8.43693
0.9754 8.31309
0.976 8.38331
0.9753 8.54759
0.9735 8.66181
0.9733 8.67814
0.9736 8.66601
0.9731 8.62347
0.9742 8.42591
0.9749 8.32013
0.975 8.25213
0.9753 8.23615
0.9744 8.14728
0.975 8.11036
0.9747 8.13482
0.9749 8.15117
0.9748 8.24383
0.973 8.48568
0.9724 8.83238
0.971 9.11464
0.9701 9.26677
0.9719 9.23576
0.9722 9.02186
0.9732 8.68796
0.9738 8.37055
0.9751 8.16043
0.9756 8.05846
0.9753 8.08856
0.9751 8.05224
0.9755 7.9529
0.9763 7.93023
0.9761 7.93943
0.9756 7.89172
0.975 7.96336
0.9744 8.09413
0.9746 8.03741
0.9739 8.057
0.9739 8.02442
0.9742 8.05272
0.9741 8.10401
0.9745 8.17769
0.9745 8.24486
0.9747 8.22313
0.9747 7.99961
0.9752 7.83666
0.9751 7.77556
0.9745 7.81024
0.9747 7.94564
0.9742 8.01295
0.9744 7.99911
0.9746 8.01124
0.9748 8.06742
0.9753 8.13595
0.9758 8.08031
0.9759 8.06777
0.9757 8.13988
0.9753 8.19879
0.9751 8.20841
0.9754 8.21039
0.9752 8.23083
0.9755 8.24861
0.9757 8.10284
0.9759 8.07865
0.9767 8.12826
0.9763 8.26929
0.9754 8.48061
0.9745 8.71481
0.9738 8.89129
0.9731 8.99135
0.9724 9.09445
0.9722 9.17294
0.9719 9.1986
0.9726 9.1285
0.9732 8.90833
0.9741 8.61919
0.9761 8.25154
0.9766 7.98647
0.9768 7.82733
0.9772 7.77231
0.9768 7.76759
0.9767 7.83561
0.9771 7.72301
0.9772 7.63712
0.9784 7.45572
0.9784 7.33771
0.978 7.26442
0.9782 7.239
0.979 7.17357
0.9788 7.23093
0.9783 7.36905
0.9782 7.56702
0.9776 7.76665
0.9766 7.97698
0.9762 8.08543
0.9765 7.91929
0.9769 7.82188
0.9766 7.72741
0.9764 7.63682
0.9761 7.51009
0.9758 7.46789
0.9762 7.53304
0.976 7.60691
0.9767 7.6916
0.976 7.88942
0.9739 8.24701
0.9729 8.69577
0.9718 9.09335
0.9708 9.25546
0.9719 9.23129
0.9721 9.27547
0.9726 9.0387
0.9731 8.71231
0.9748 8.48765
0.9745 8.47153
0.9746 8.36893
0.975 8.31605
0.9746 8.25189
0.9747 8.25519
0.9742 8.18643
0.9739 8.11473
0.9746 8.09973
0.9746 8.0369
0.9751 7.93266
0.9753 7.78498
0.9751 7.73671
0.9752 7.65236
0.9751 7.59798
0.9755 7.60459
0.9766 7.60038
0.9768 7.65039
0.9759 7.78532
0.9755 7.96044
0.9744 8.20696
0.9738 8.40663
0.9738 8.431
0.974 8.37918
0.9744 8.33552
0.974 8.29956
0.9742 8.34552
0.9752 8.0307
0.9767 7.86661
0.9768 7.76609
0.9774 7.71789
0.9773 7.71669
0.9767 7.66354
0.9762 7.69951
0.9754 7.83144
0.975 7.9532
0.9749 8.16086
0.9745 8.45661
0.9741 8.52972
0.9748 8.44415
0.975 8.32984
0.9759 8.16178
0.976 8.05963
0.9755 8.03808
0.9746 8.02227
0.9739 8.11207
0.974 8.1214
0.9749 8.1265
0.9748 8.14685
0.9748 8.22762
0.9744 8.3149
0.974 8.48443
0.9731 8.57494
0.9731 8.60945
0.9734 8.68697
0.9729 8.79657
0.9725 8.90174
0.9739 8.50735
0.9744 8.28635
0.974 8.29308
0.974 8.44491
0.9732 8.74423
0.9718 9.06607
0.9701 9.47582
0.9691 9.91661
0.9683 10.3618
0.9688 10.1033
0.9689 9.88739
0.97 9.51848
0.9719 8.88467
0.9735 8.44303
0.975 8.19387
0.9753 8.05472
0.9756 7.99396
0.9753 7.96762
0.9749 8.02188
0.9745 8.14622
0.9741 8.26813
0.9739 8.37939
0.9743 8.33034
0.9747 8.26087
0.975 8.14938
0.9756 7.99474
0.9766 7.92162
0.9768 7.9321
0.9766 7.99398
0.9757 8.07658
0.9752 8.17575
0.9752 8.29846
0.9745 8.36133
0.9742 8.5632
0.9735 8.7066
0.9725 8.9242
0.9727 8.9527
0.9712 9.13937
0.97 9.26515
0.969 9.46272
0.9681 9.72188
0.9681 9.9478
0.9684 9.91411
0.9694 9.84512
0.9703 9.77259
0.9711 9.5682
0.971 9.27995
0.9727 8.81563
0.9735 8.59871
0.9739 8.6066
0.9731 8.78641
0.973 8.88726
0.9731 8.9095
0.9735 8.85993
0.9738 8.66413
0.9745 8.37064
0.9756 8.10271
0.9764 7.92883
0.9758 7.83118
0.9755 7.76822
0.9763 7.75976
0.9769 7.78535
0.9758 7.90015
0.9753 8.10485
0.9746 8.29208
0.9741 8.4784
0.9741 8.41052
0.975 8.29964
0.9744 8.21636
0.9739 8.08144
0.9734 8.14545
0.9729 8.22515
0.9723 8.31473
0.9727 8.31825
0.9731 8.18113
0.9742 7.96204
0.9751 7.77927
0.9761 7.6451
0.9763 7.48626
0.9769 7.40104
0.9768 7.32641
0.9771 7.2961
0.9772 7.26276
0.9773 7.2168
0.9769 7.25029
0.9773 7.34429
0.9774 7.49257
0.9772 7.58626
0.977 7.67622
0.9769 7.85113
0.9762 7.90698
0.9763 7.93739
0.9762 7.91176
0.9763 7.87295
0.9769 7.70512
0.9776 7.3544
0.9781 7.12994
0.979 6.85136
0.9794 6.7277
0.9795 6.66781
0.9796 6.69259
0.9798 6.75421
0.9792 6.88257
0.9786 7.04435
0.978 7.14489
0.9778 7.14289
0.9778 7.05752
0.9786 6.93814
0.9788 6.9526
0.9785 7.04759
0.9779 7.2333
0.9775 7.35688
0.9769 7.50954
0.9768 7.60742
0.976 7.77697
0.9751 7.99053
0.9748 8.2574
0.9741 8.49984
0.9736 8.59778
0.9746 8.50609
0.9748 8.2818
0.976 7.80311
0.9766 7.41694
0.9767 7.27235
0.9775 7.22593
0.9775 7.25356
0.978 7.37728
0.9773 7.59032
0.9772 7.69982
0.9766 7.87107
0.9766 7.97946
0.9759 8.07378
0.9761 8.08816
0.9769 7.98891
0.9768 7.87604
0.9767 7.84719
0.9765 7.78259
0.9769 7.72624
0.9784 7.49808
0.9787 7.38256
0.9771 7.4669
0.9771 7.70883
0.9759 8.11675
0.9743 8.52926
0.9739 8.80179
0.973 8.97418
0.9738 8.81286
0.9745 8.42229
0.9759 7.97981
0.976 7.89174
0.9764 7.97312
0.9773 7.87801
0.9765 7.95847
0.9764 8.12042
0.9757 8.30673
0.9754 8.2552
0.9749 8.22962
0.9741 8.25968
0.9746 8.29219
0.9746 8.28156
0.9746 8.26398
0.9756 8.15077
0.9758 8.09243
0.9763 8.05119
0.9767 7.99867
0.9769 7.99895
0.9767 8.10135
0.9758 8.28807
0.9743 8.58159
0.9738 8.55591
0.9737 8.64276
0.9739 8.54836
0.9755 8.20601
0.9755 7.98008
0.976 7.94298
0.9756 8.09778
0.9749 8.4228
0.9744 8.75136
0.9726 9.15428
0.9722 9.38579
0.9731 9.18919
0.9732 9.11016
0.9738 8.71087
0.974 8.39384
0.9749 8.12747
0.9754 7.8875
0.9752 7.7603
0.9755 7.60432
0.9758 7.55564
0.9764 7.60446
0.9752 7.62742
0.9752 7.70901
0.975 7.88074
0.975 7.98974
0.9748 8.09854
0.9749 8.25035
0.9741 8.43994
0.9738 8.42991
0.9745 8.35033
0.9741 8.48777
0.9741 8.53043
0.974 8.48336
0.9743 8.53271
0.9748 8.22876
0.9759 7.94401
0.9763 7.69349
0.9775 7.41994
0.9782 7.21349
0.9788 7.05503
0.9791 6.99846
0.9789 6.9709
0.979 7.03837
0.9792 7.0734
0.9783 7.12479
0.9787 7.15064
0.9788 7.14009
0.979 7.14913
0.979 7.16773
0.9792 7.20813
0.979 7.2703
0.9788 7.33314
0.9791 7.28477
0.9797 7.13895
0.98 6.99101
0.9803 6.91217
0.9802 6.87873
0.9801 6.86998
0.9801 6.92526
0.9803 7.00953
0.9802 7.09745
0.9797 7.20781
0.9797 7.26448
0.9796 7.30402
0.9793 7.33682
0.9792 7.34986
0.9789 7.3304
0.9782 7.29364
0.9776 7.25054
0.9776 7.21558
0.9774 7.20886
0.9781 7.17866
0.978 7.15554
0.9775 7.15839
0.9779 7.15706
0.9773 7.17976
0.9777 7.20491
0.9779 7.23515
0.9777 7.2372
0.9776 7.1958
0.9778 7.17371
0.9775 7.14689
0.9775 7.15568
0.9777 7.09567
0.9783 7.07339
0.9788 7.05447
0.979 6.97417
0.9791 6.93388
0.9791 6.92834
0.9794 6.92362
0.9794 6.93023
0.9797 6.88908
0.9801 6.90276
0.9792 7.02539
0.9798 7.16919
0.9797 7.33297
0.9784 7.5344
0.9772 7.75893
0.9769 7.93592
0.9764 7.96265
0.9769 7.93433
0.977 7.86202
0.9774 7.71507
0.9777 7.63428
0.9773 7.55829
0.9778 7.40758
0.978 7.30463
0.9784 7.25684
0.9786 7.23663
0.9783 7.23032
0.9783 7.24881
0.9784 7.24785
0.9787 7.05157
0.979 6.92435
0.9794 6.89815
0.9792 6.91155
0.9788 6.97169
0.9783 7.09212
0.9781 7.25318
0.9775 7.44081
0.9771 7.59729
0.9761 7.75069
0.9758 7.72724
0.9774 7.55948
0.9773 7.45811
0.9773 7.43862
0.9773 7.4462
0.9777 7.48737
0.9772 7.55422
0.9764 7.61795
0.9766 7.59558
0.977 7.62897
0.977 7.67737
0.9766 7.7735
0.9762 7.85904
0.9765 7.80416
0.9767 7.76736
0.9767 7.59774
0.9775 7.44679
0.9781 7.33615
0.978 7.26495
0.9778 7.24609
0.9772 7.22201
0.9771 7.22265
0.9775 7.21938
0.977 7.2345
0.9773 7.27155
0.9772 7.30652
0.9768 7.35209
0.9771 7.35719
0.9775 7.33587
0.9773 7.31239
0.9778 7.26035
0.9781 7.13321
0.9786 7.06143
0.9781 7.14308
0.9781 7.32132
0.9777 7.62903
0.9768 7.91012
0.9763 8.24729
0.9755 8.48185
0.975 8.53221
0.9748 8.55914
0.9747 8.49642
0.9746 8.44539
0.9747 8.32424
0.9743 8.19885
0.9742 8.12929
0.9744 8.09672
0.9735 8.21293
0.973 8.33384
0.9738 8.28603
0.9742 8.22059
0.9757 8.01266
0.976 7.84998
0.9764 7.79331
0.9767 7.77813
0.977 7.79475
0.9772 7.82696
0.977 7.83167
0.9769 7.83166
0.9766 7.85447
0.9765 7.90027
0.9764 7.90957
0.9764 7.94811
0.9759 8.02864
0.9756 8.16021
0.9748 8.32592
0.9744 8.49044
0.9741 8.42211
0.9748 8.14364
0.9757 7.89095
0.976 7.75234
0.9763 7.68804
0.9761 7.62959
0.9762 7.5658
0.9765 7.54431
0.9764 7.51938
0.9764 7.52648
0.9763 7.53279
0.9766 7.52788
0.9766 7.45911
0.9771 7.3856
0.9772 7.35537
0.9772 7.38499
0.9772 7.41611
0.9772 7.42411
0.9775 7.47107
0.977 7.51167
0.9765 7.56165
0.9763 7.5765
0.9762 7.61645
0.976 7.60067
0.9768 7.58704
0.977 7.54743
0.9772 7.52753
0.9778 7.44969
0.9777 7.4233
0.9773 7.37052
0.9779 7.36949
0.9771 7.47975
0.9766 7.57691
0.9768 7.66207
0.9768 7.63975
0.9776 7.62131
0.9778 7.47071
0.9783 7.22027
0.9786 7.06758
0.9793 7.01772
0.9797 6.97109
0.9794 6.98521
0.9798 7.02677
0.9802 7.11199
0.9793 7.18666
0.9788 7.26909
0.9786 7.38243
0.9785 7.48522
0.9782 7.56097
0.9773 7.66922
0.9769 7.66588
0.9767 7.67199
0.9767 7.66478
0.978 7.53529
0.9784 7.42889
0.9788 7.26881
0.9785 7.21674
0.9794 7.03206
0.9792 6.92809
0.9793 6.84498
0.9794 6.81555
0.9797 6.83782
0.9796 6.93547
0.9795 7.06523
0.9793 7.14946
0.9788 7.17407
0.9786 7.20189
0.9785 7.28468
0.9782 7.27772
0.9782 7.21962
0.9784 7.23067
0.9778 7.28162
0.9775 7.35044
0.9779 7.36383
0.9773 7.39528
0.9775 7.4076
0.9775 7.40211
0.9767 7.49488
0.9766 7.65132
0.9759 7.76538
0.9755 7.88153
0.9755 7.94612
0.9764 7.8133
0.9766 7.6904
0.9766 7.64777
0.977 7.63309
0.9772 7.63429
0.9771 7.65143
0.977 7.66424
0.9766 7.69184
0.977 7.64585
0.9773 7.63319
0.9771 7.58908
0.9772 7.62516
0.9774 7.71163
0.9769 7.81376
0.9771 7.88042
0.9767 7.92528
0.9763 8.03249
0.9765 8.03322
0.9769 7.99521
0.9776 7.78586
0.9777 7.66335
0.978 7.55096
0.978 7.52161
0.978 7.51812
0.978 7.53991
0.9778 7.47961
0.978 7.44845
0.9777 7.4236
0.9774 7.44773
0.9771 7.47346
0.9771 7.52755
0.9765 7.58991
0.9765 7.63048
0.9772 7.61701
0.978 7.51678
0.9777 7.45261
0.9784 7.4114
0.9782 7.36821
0.9782 7.39067
0.978 7.46436
0.9777 7.54678
0.9779 7.57243
0.9776 7.51903
0.977 7.48036
0.9775 7.45866
0.9775 7.46933
0.9779 7.49602
0.9776 7.49794
0.978 7.48105
0.9782 7.36034
0.9779 7.25308
0.9775 7.2356
0.9777 7.30172
0.9771 7.44569
0.9779 7.51124
0.9777 7.60051
0.9776 7.62801
0.9783 7.61722
0.9782 7.64197
0.9786 7.61594
0.9782 7.65009
0.978 7.7368
0.978 7.7323
0.9778 7.70528
0.9783 7.70719
0.9778 7.74114
0.9781 7.7225
0.9785 7.69794
0.9783 7.66192
0.9784 7.58637
0.9785 7.49752
0.9786 7.45737
0.9788 7.45473
0.9793 7.44732
0.9791 7.46556
0.9791 7.50799
0.9793 7.48569
0.9797 7.48033
0.9787 7.47614
0.979 7.48904
0.9791 7.47376
0.9791 7.42982
0.9793 7.3963
0.9789 7.36935
0.9791 7.29261
0.9787 7.23594
0.979 7.1932
0.9787 7.15244
0.9786 7.12192
0.9785 7.12346
0.9788 7.14113
0.9789 7.17944
0.9784 7.2272
0.9785 7.24712
0.9782 7.24089
0.9783 7.253
0.978 7.29494
0.978 7.33607
0.9772 7.37338
0.9775 7.41604
0.978 7.39746
0.9781 7.39837
0.9781 7.41599
0.9777 7.46309
0.9781 7.4463
0.9779 7.46848
0.978 7.52136
0.978 7.60644
0.9777 7.71865
0.9771 7.87875
0.9769 8.05719
0.9764 8.22545
0.9763 8.21649
0.9761 8.24413
0.9765 8.23563
0.9768 8.22866
0.9767 8.14776
0.9769 8.04865
0.9771 8.01822
0.9772 7.98981
0.9773 7.96007
0.9774 7.82589
0.978 7.75699
0.9784 7.60351
0.9785 7.39194
0.9783 7.23785
0.9784 7.13216
0.978 7.09464
0.9786 7.0867
0.9786 7.12406
0.978 7.2085
0.978 7.30466
0.9776 7.38979
0.9778 7.42139
0.9776 7.48712
0.9774 7.55511
0.9773 7.63077
0.9773 7.69869
0.9777 7.67243
0.9774 7.53686
0.9767 7.42246
0.9771 7.40718
0.9765 7.49966
0.9766 7.61556
0.9766 7.75767
0.9767 7.90158
0.9765 7.8428
0.9767 7.79064
0.9768 7.75242
0.9769 7.70666
0.9773 7.60046
0.9779 7.48928
0.9785 7.38589
0.9783 7.31995
0.9784 7.23617
0.9789 7.17966
0.979 7.06425
0.9795 7.04472
0.9795 7.08179
0.9792 7.14303
0.9782 7.23826
0.9777 7.34231
0.9779 7.37687
0.9782 7.31319
0.9789 7.25936
0.9788 7.13784
0.9791 7.02571
0.9792 6.99977
0.9789 6.99476
0.9788 7.00098
0.9786 7.00188
0.9793 6.93375
0.9796 6.86542
0.9797 6.81707
0.9797 6.78907
0.9799 6.75827
0.9799 6.75036
0.9798 6.75456
0.9799 6.77537
0.9796 6.8068
0.9794 6.85613
0.9792 6.91511
0.9795 7.01672
0.9789 7.05047
0.9792 7.06618
0.9793 7.07896
0.9792 7.11113
0.9793 7.07554
0.9795 6.98219
0.9796 6.94908
0.9793 6.92893
0.9797 6.86101
0.9797 6.82032
0.9796 6.79382
0.9794 6.82053
0.9798 6.86231
0.9797 6.92406
0.9797 6.88589
0.9798 6.88906
0.9793 6.89432
0.979 6.88038
0.9792 6.89028
0.9796 6.93858
0.9793 6.99935
0.9789 7.10372
0.9784 7.23287
0.9783 7.34853
0.9781 7.36603
0.9781 7.33716
0.978 7.32261
0.9783 7.25293
0.9785 7.20874
0.9788 7.17419
0.9792 7.15195
0.9793 7.10393
0.9795 7.08903
0.9793 7.06393
0.9795 7.0415
0.9794 7.02727
0.9795 7.01938
0.9794 7.06895
0.9789 7.19316
0.9786 7.36142
0.9786 7.53032
0.9783 7.64143
0.9787 7.5095
0.9793 7.37703
0.9793 7.13291
0.9803 6.96086
0.9804 6.82148
0.98 6.73626
0.9807 6.682
0.9807 6.69911
0.9808 6.73143
0.9801 6.77497
0.9793 6.83904
0.9789 6.96218
0.9788 7.0522
0.979 7.11421
0.9784 7.18871
0.9777 7.24946
0.9781 7.13247
0.9784 7.02778
0.9792 6.90444
0.9795 6.82623
0.9799 6.76741
0.9806 6.6818
0.9809 6.65305
0.9811 6.67868
0.9811 6.77362
0.9805 6.92037
0.9802 7.0975
0.9793 7.30444
0.979 7.32275
0.9783 7.37946
0.9783 7.40838
0.9783 7.40867
0.978 7.4479
0.9775 7.49957
0.9771 7.59285
0.9773 7.57855
0.9776 7.53234
0.978 7.47724
0.9787 7.4206
0.9786 7.39659
0.9783 7.39142
0.9779 7.40849
0.9776 7.38469
0.9772 7.45448
0.977 7.60971
0.9764 7.85845
0.9756 8.13027
0.9745 8.40898
0.9738 8.65491
0.9731 8.64263
0.9728 8.6099
0.9745 8.30709
0.976 7.9486
0.9771 7.54061
0.9781 7.23951
0.9781 7.06164
0.9786 6.93392
0.9787 6.91792
0.9779 7.01782
0.9774 7.14975
0.977 7.33552
0.9766 7.49206
0.9769 7.55467
0.977 7.3469
0.9768 7.17947
0.9784 7.15558
0.9776 7.28392
0.9776 7.5555
0.9771 7.77342
0.9759 7.94196
0.9754 8.13524
0.9761 8.23499
0.9762 8.27905
0.9765 8.24313
0.9768 8.05383
0.9783 7.83077
0.9783 7.65223
0.9785 7.55405
0.9786 7.43256
0.9795 7.23874
0.9801 7.09644
0.9806 6.99774
0.9807 6.89591
0.9807 6.80788
0.9811 6.79222
0.9807 6.82154
0.9803 6.89367
0.9801 6.97452
0.9798 7.08971
0.9794 7.1918
0.9787 7.29652
0.9788 7.2679
0.9789 7.2424
0.9787 7.22654
0.9793 7.16836
0.9793 7.16249
0.9793 7.16824
0.9794 7.16642
0.9798 7.13181
0.9797 7.0747
0.9795 7.02585
0.9799 6.91617
0.9809 6.8164
0.9809 6.75262
0.9809 6.74413
0.9806 6.75553
0.9806 6.78319
0.981 6.75932
0.9808 6.75176
0.9811 6.76077
0.981 6.78396
0.9808 6.82295
0.9807 6.88036
0.9805 6.95478
0.9801 7.04134
0.9799 7.07686
0.9798 7.11114
0.9796 7.19752
0.9797 7.30308
0.9794 7.39934
0.9792 7.47762
0.9792 7.55579
0.979 7.50633
0.9791 7.35282
0.9788 7.24802
0.979 7.16381
0.9796 7.08578
0.9797 7.05221
0.9797 7.01358
0.9799 6.94374
0.9798 6.91376
0.9799 6.92364
0.9796 6.9432
0.98 6.9782
0.9799 6.98068
0.9798 6.94798
0.9802 6.93095
0.9802 6.92057
0.98 6.91679
0.9802 6.86749
0.9801 6.84251
0.9806 6.73244
0.9798 6.68388
0.9795 6.68964
0.9795 6.72653
0.9799 6.8216
0.9792 6.98632
0.9787 7.17973
0.9787 7.3325
0.9784 7.25006
0.9783 7.24158
0.9787 7.15215
0.9789 7.04052
0.9789 6.97353
0.9794 6.93764
0.9791 6.95652
0.979 6.9204
0.9784 6.95409
0.978 7.03677
0.9782 7.0422
0.9783 7.09571
0.9779 7.14931
0.9785 7.26178
0.9781 7.4004
0.9776 7.48608
0.9777 7.47568
0.9787 7.49229
0.9787 7.45673
0.9782 7.40115
0.9785 7.32209
0.9785 7.23926
0.9784 7.17861
0.9792 7.00487
0.9793 6.87559
0.9793 6.78797
0.9799 6.66051
0.9802 6.58483
0.9804 6.56532
0.9802 6.5568
0.9805 6.56347
0.9805 6.59129
0.9806 6.64235
0.9805 6.7096
0.98 6.7701
0.9796 6.82943
0.9791 6.90387
0.9788 6.98648
0.9787 7.03793
0.9781 7.11682
0.9783 7.19871
0.9785 7.22078
0.9787 7.22195
0.9789 7.20825
0.9794 7.13902
0.98 6.98217
0.9803 6.8322
0.9803 6.775
0.9803 6.78368
0.98 6.7997
0.9799 6.86815
0.9794 7.00593
0.9784 7.16482
0.978 7.24127
0.9782 7.27126
0.978 7.28621
0.9778 7.21149
0.9778 7.16199
0.9781 7.08877
0.9782 7.00829
0.9786 6.93452
0.9787 6.90347
0.9785 6.88888
0.9791 6.89959
0.9792 6.91256
0.9785 6.94047
0.9786 6.99172
0.979 7.0737
0.9784 7.17887
0.9781 7.33372
0.9778 7.4345
0.9787 7.50314
0.9791 7.48264
0.9791 7.46383
0.9789 7.29933
0.9788 7.10021
0.9797 6.85275
0.9803 6.71586
0.9806 6.65083
0.9809 6.64503
0.9809 6.67965
0.9805 6.75133
0.98 6.82673
0.9802 6.93388
0.9804 6.9337
0.9808 6.87512
0.9808 6.82012
0.9804 6.78268
0.9803 6.70501
0.9805 6.65451
0.9807 6.63874
0.9801 6.6665
0.98 6.67947
0.9797 6.69795
0.9795 6.71976
0.9793 6.7364
0.9789 6.74077
0.9792 6.73451
0.9793 6.76086
0.9793 6.77281
0.9794 6.75304
0.9798 6.74722
0.98 6.76533
0.9797 6.78851
0.9798 6.82372
0.9801 6.86294
0.9798 6.88279
0.9794 6.90315
0.9791 6.93283
0.9788 6.95102
0.9793 6.93154
0.9795 6.93126
0.9798 6.91641
0.9797 6.92406
0.9799 6.85543
0.9803 6.82812
0.9806 6.82583
0.9803 6.86041
0.9803 6.88579
0.9802 6.88149
0.9803 6.92739
0.9794 7.043
0.9786 7.15169
0.9785 7.30468
0.9786 7.46781
0.9783 7.52614
0.9791 7.58121
0.9793 7.55069
0.9796 7.33968
0.9805 7.19141
0.9809 6.96021
0.981 6.82441
0.9811 6.77128
0.981 6.78889
0.9808 6.83769
0.9812 6.9069
0.9812 6.95984
0.9808 7.06792
0.9799 7.19872
0.9797 7.30724
0.9795 7.37583
0.9795 7.45508
0.9791 7.49795
0.9789 7.49473
0.9791 7.44175
0.9796 7.39393
0.9798 7.34728
0.9798 7.28631
0.98 7.22318
0.9799 7.20236
0.9801 7.11273
0.9801 7.03248
0.9797 7.01034
0.9797 7.00334
0.9797 7.02394
0.9795 7.0654
0.9796 7.11159
0.9794 7.14207
0.9796 7.13954
0.9793 7.1469
0.9793 7.14469
0.9795 7.15018
0.9798 7.15665
0.9802 7.1081
0.9809 7.07102
0.9811 6.92143
0.9812 6.81243
0.9816 6.74861
0.9815 6.71551
0.982 6.69234
0.982 6.67887
0.9824 6.5794
0.9816 6.56373
0.9816 6.60585
0.9815 6.7025
0.9805 6.84914
0.9801 6.93231
0.9803 6.98054
0.9799 7.01138
0.9796 7.05999
0.9794 7.04531
0.9798 6.93838
0.9803 6.86006
0.981 6.81629
0.9811 6.8046
0.9808 6.82205
0.9805 6.84534
0.9805 6.84639
0.9805 6.89092
0.9804 7.0135
0.9804 7.17189
0.9796 7.39695
0.9792 7.59288
0.979 7.84814
0.9784 8.10779
0.978 8.29543
0.9776 8.4964
0.9773 8.6686
0.9779 8.51706
0.9781 8.4406
0.9777 8.47333
0.9776 8.34401
0.9783 8.13093
0.9791 7.84855
0.9794 7.63897
0.9795 7.44119
0.9788 7.28733
0.9791 7.1413
0.9789 7.08384
0.9793 7.09429
0.9798 7.14618
0.9796 7.18482
0.9794 7.2527
0.9788 7.34253
0.9792 7.40617
0.9787 7.47641
0.9783 7.54288
0.9781 7.59339
0.9781 7.65134
0.9781 7.7117
0.9781 7.6484
0.9786 7.61196
0.9785 7.53827
0.9783 7.51606
0.979 7.53049
0.9786 7.57183
0.9788 7.70902
0.9798 7.61586
0.9792 7.64317
0.9787 7.73899
0.9783 7.86055
0.9782 8.00438
0.9778 8.21691
0.9781 7.99342
0.9783 7.8513
0.9784 7.70443
0.9783 7.58708
0.9783 7.46061
0.9793 7.34112
0.9796 7.28113
0.9794 7.28938
0.9798 7.28854
0.9798 7.29186
0.9795 7.32104
0.9794 7.34013
0.9789 7.39101
0.9782 7.49625
0.9779 7.57503
0.9774 7.62004
0.9775 7.66876
0.9778 7.65566
0.9776 7.63425
0.9772 7.63276
0.9776 7.53411
0.9781 7.42103
0.9777 7.32873
0.9775 7.29747
0.9773 7.30816
0.978 7.27602
0.9785 7.29262
0.9784 7.33237
0.9781 7.32395
0.9777 7.31293
0.9779 7.31931
0.9779 7.34854
0.9779 7.39262
0.9772 7.43379
0.9784 7.48569
0.978 7.57588
0.9776 7.71116
0.9777 7.73749
0.9783 7.5862
0.9786 7.43303
0.9791 7.381
0.9794 7.37809
0.9791 7.39975
0.9783 7.46612
0.9784 7.54227
0.9779 7.61752
0.9779 7.68858
0.9777 7.78603
0.9778 7.85095
0.9777 7.91296
0.9777 7.95995
0.9775 8.00329
0.9778 7.86226
0.978 7.74982
0.9785 7.53063
0.9789 7.30682
0.9792 7.14229
0.9788 7.01419
0.979 6.93536
0.9793 6.87819
0.9801 6.81691
0.9802 6.78607
0.9798 6.76285
0.9797 6.74828
0.9794 6.73791
0.9793 6.75349
0.9793 6.79081
0.9792 6.85505
0.9786 6.91932
0.979 7.00059
0.979 7.09702
0.9789 7.16727
0.9786 7.2377
0.9784 7.30444
0.9783 7.33222
0.9783 7.36226
0.9784 7.34194
0.9786 7.32258
0.9789 7.19539
0.9793 7.10694
0.9793 7.00601
0.98 6.9526
0.9805 6.94257
0.9805 6.94791
0.9806 6.96272
0.9808 6.97361
0.9807 6.97654
0.9808 6.98125
0.9808 6.86033
0.9806 6.80053
0.9804 6.77821
0.9798 6.80832
0.9796 6.89352
0.9795 6.9893
0.9786 7.10359
0.9781 7.24558
0.9782 7.26202
0.9782 7.27218
0.9781 7.25917
0.9781 7.22694
0.9778 7.23519
0.9783 7.19339
0.978 7.18293
0.9784 7.17455
0.9781 7.1981
0.9782 7.20999
0.9785 7.22337
0.9788 7.21381
0.9791 7.08158
0.9801 6.94331
0.9805 6.85824
0.9809 6.8255
0.9809 6.82632
0.9807 6.8552
0.9805 6.87317
0.9807 6.89501
0.9805 6.91038
0.9805 6.89536
0.9802 6.89918
0.9803 6.86409
0.9802 6.84856
0.9807 6.80358
0.9804 6.72259
0.9805 6.65115
0.9806 6.60511
0.9804 6.57297
0.9805 6.56053
0.9803 6.58128
0.9804 6.60012
0.9803 6.62303
0.9799 6.63677
0.9802 6.60009
0.98 6.58918
0.9803 6.52981
0.9809 6.48275
0.9809 6.46088
0.9808 6.44093
0.9805 6.4396
0.9807 6.39975
0.9812 6.35647
0.9811 6.34024
0.9808 6.33267
0.9808 6.33479
0.981 6.35256
0.9811 6.38152
0.9813 6.41482
0.9814 6.42337
0.9813 6.44029
0.9814 6.46118
0.981 6.48381
0.9811 6.51568
0.9812 6.553
0.9812 6.57186
0.9809 6.61932
0.9807 6.66423
0.9805 6.71747
0.9806 6.75936
0.9802 6.7958
0.9807 6.82184
0.9808 6.81939
0.9816 6.66534
0.9819 6.5559
0.9818 6.47048
0.9815 6.38782
0.9818 6.34729
0.9814 6.34513
0.9816 6.39517
0.9813 6.44395
0.9813 6.49987
0.9806 6.57808
0.9802 6.66529
0.9796 6.75537
0.9794 6.83737
0.9796 6.91553
0.9794 6.98381
0.9795 6.99008
0.9791 6.9639
0.9792 6.93329
0.9793 6.87286
0.9793 6.82392
0.9799 6.71502
0.9806 6.62545
0.9808 6.55625
0.9811 6.48952
0.9808 6.44883
0.9805 6.42489
0.9802 6.41493
0.9803 6.40083
0.9808 6.41582
0.9805 6.45393
0.9807 6.50936
0.981 6.51027
0.9809 6.52451
0.9811 6.5552
0.9809 6.58904
0.9811 6.60765
0.9812 6.62329
0.981 6.61033
0.9809 6.6017
0.9812 6.53352
0.981 6.52848
0.9807 6.57223
0.9813 6.67293
0.981 6.87906
0.9806 7.12615
0.9795 7.3847
0.9787 7.64337
0.9784 7.84281
0.9786 7.84961
0.9793 7.67148
0.98 7.43555
0.9798 7.29228
0.98 7.205
0.9806 7.11032
0.9807 7.02558
0.9809 6.98474
0.9811 6.95892
0.9813 6.96637
0.9813 7.00002
0.9807 7.04777
0.9795 7.15789
0.979 7.27721
0.9792 7.28429
0.9794 7.17883
0.9801 6.98972
0.9803 6.8318
0.9809 6.70161
0.9806 6.59022
0.9811 6.51731
0.981 6.44206
0.9812 6.38915
0.981 6.3675
0.9807 6.38959
0.9804 6.44103
0.9801 6.55107
0.9798 6.67433
0.9798 6.79137
0.9793 6.88606
0.9793 6.98547
0.979 7.07552
0.9789 7.14691
0.9791 7.19545
0.9789 7.22609
0.9785 7.26384
0.9786 7.24316
0.979 7.28448
0.9784 7.3498
0.9784 7.39464
0.9782 7.30947
0.9788 7.22983
0.9794 7.20396
0.9793 7.25389
0.9787 7.36677
0.979 7.38148
0.9786 7.45915
0.9782 7.56941
0.9776 7.70526
0.9771 7.8477
0.9774 7.84947
0.9777 7.85423
0.9776 7.82904
0.9773 7.83157
0.9775 7.76843
0.9773 7.74383
0.9774 7.69088
0.9774 7.63392
0.9776 7.57455
0.9773 7.52725
0.9775 7.49889
0.9774 7.47407
0.9773 7.50409
0.9775 7.51348
0.9773 7.54986
0.9773 7.58242
0.9773 7.61495
0.9773 7.62767
0.9771 7.64601
0.9774 7.61122
0.9772 7.57428
0.9769 7.5302
0.9771 7.47865
0.9777 7.34207
0.9781 7.21744
0.9791 7.0921
0.9795 6.98842
0.98 6.95314
0.9797 6.96403
0.9797 7.01965
0.9801 7.10157
0.9797 7.23491
0.9794 7.39325
0.9784 7.55952
0.9779 7.75043
0.978 7.74671
0.9782 7.74754
0.978 7.75626
0.9781 7.72464
0.978 7.70262
0.978 7.63926
0.9782 7.57901
0.9781 7.52565
0.9782 7.5088
0.9784 7.51328
0.9786 7.48868
0.9784 7.4253
0.9789 7.39007
0.9794 7.40837
0.9803 7.42438
0.9799 7.4498
0.9796 7.47931
0.9795 7.51744
0.9791 7.53168
0.9791 7.5458
0.9791 7.56067
0.979 7.53458
0.9789 7.46137
0.979 7.39127
0.9791 7.27153
0.9794 7.18204
0.9796 7.09614
0.9798 7.03467
0.9798 6.96849
0.98 6.93738
0.9799 6.92007
0.9796 6.89234
0.9796 6.90671
0.98 6.86768
0.9806 6.8088
0.9807 6.77791
0.9808 6.75167
0.9811 6.67929
0.9809 6.64003
0.9803 6.60351
0.9804 6.5779
0.9802 6.60409
0.98 6.62206
0.98 6.62751
0.9807 6.60609
0.9804 6.57854
0.9806 6.55161
0.9805 6.5241
0.9808 6.51209
0.9808 6.51188
0.9807 6.52677
0.9807 6.55719
0.9807 6.59667
0.9807 6.62471
0.9803 6.6584
0.9803 6.702
0.98 6.75045
0.98 6.80415
0.9801 6.85605
0.98 6.91113
0.9796 6.96557
0.9792 7.03751
0.9789 7.08702
0.9784 7.11829
0.9785 7.13825
0.9783 7.16936
0.9782 7.18823
0.979 7.18292
0.9792 7.17739
0.9793 7.17065
0.9798 7.17291
0.9795 7.19159
0.9797 7.22975
0.98 7.25918
0.9797 7.30689
0.9796 7.28261
0.9798 7.20709
0.9801 7.18042
0.9798 7.23233
0.9793 7.2977
0.9789 7.36662
0.9785 7.43341
0.9786 7.41662
0.9787 7.39263
0.9785 7.38027
0.9785 7.39056
0.9784 7.41112
0.9789 7.39786
0.9788 7.38875
0.979 7.36679
0.979 7.36316
0.9791 7.3726
0.9793 7.39037
0.9794 7.40707
0.9788 7.38861
0.9789 7.32405
0.9791 7.2377
0.9797 7.15748
0.9798 7.09894
0.9799 7.04559
0.9804 6.97904
0.98 6.92157
0.9806 6.87688
0.9802 6.86704
0.9805 6.90233
0.9809 6.9225
0.9801 6.95502
0.98 6.99222
0.9796 7.03666
0.9796 7.06411
0.9801 7.08704
0.9804 7.07772
0.9806 7.06602
0.9805 7.02293
0.9801 7.04365
0.9801 7.07938
0.98 7.12387
0.9797 7.18561
0.9798 7.25568
0.9796 7.32739
0.9796 7.40427
0.9791 7.45288
0.9792 7.46045
0.9793 7.44671
0.9795 7.44095
0.9795 7.44632
0.9796 7.44257
0.9797 7.41327
0.9796 7.38659
0.9798 7.35394
0.9793 7.21536
0.9801 7.12416
0.9806 7.05313
0.9804 6.99175
0.98 6.95717
0.9792 6.94565
0.9791 6.96306
0.9794 6.98157
0.979 7.01654
0.9793 7.06256
0.9794 7.11747
0.9793 7.20898
0.9789 7.28154
0.979 7.35499
0.979 7.40918
0.9792 7.38716
0.9791 7.33997
0.9791 7.29677
0.9791 7.26133
0.9793 7.2092
0.9794 7.16818
0.9797 7.12965
0.9793 7.11729
0.9795 7.1025
0.9796 7.08134
0.9796 7.07093
0.98 7.03383
0.9804 7.01115
0.9804 7.00058
0.9804 6.99525
0.9804 6.99663
0.9804 6.99756
0.9804 6.99668
0.9807 6.99622
0.9808 6.93672
0.981 6.87073
0.9808 6.81823
0.9806 6.78918
0.9807 6.76896
0.9808 6.75792
0.981 6.75525
0.9807 6.76659
0.9804 6.79727
0.98 6.86652
0.9804 6.9481
0.9796 7.03831
0.9794 7.11949
0.9791 7.19808
0.9788 7.28027
0.9785 7.35215
0.9787 7.38739
0.9787 7.39826
0.979 7.36321
0.979 7.30211
0.9793 7.24586
0.9796 7.21604
0.9797 7.1895
0.9802 7.09106
0.9806 7.01245
0.981 6.96739
0.981 6.9289
0.9811 6.91421
0.9806 6.99044
0.9807 7.08277
0.9803 7.20542
0.9804 7.2979
0.98 7.38727
0.9802 7.44557
0.9807 7.47768
0.9805 7.49883
0.9804 7.52139
0.9803 7.51308
0.9801 7.51424
0.98 7.49704
0.9801 7.48409
0.9798 7.47954
0.9804 7.43344
0.9808 7.39119
0.9808 7.35881
0.9807 7.31888
0.9806 7.29215
0.9808 7.25645
0.9808 7.22831
0.9808 7.21854
0.9809 7.20168
0.981 7.189
0.9811 7.14107
0.9812 7.09829
0.9811 7.06753
0.9808 7.0101
0.9808 6.965
0.981 6.92251
0.9815 6.88671
0.9811 6.87593
0.9809 6.88076
0.9806 6.89215
0.9805 6.91625
0.9806 6.93878
0.9801 6.9738
0.9801 6.98732
0.9804 7.01133
0.9809 7.00687
0.9808 6.98711
0.981 6.91153
0.9814 6.8931
0.9812 6.87817
0.9808 6.87763
0.9805 6.9111
0.9805 6.95604
0.9794 7.031
0.9792 7.12809
0.9789 7.22835
0.9787 7.30174
0.9791 7.24851
0.9798 7.12523
0.9811 7.04144
0.9815 7.02329
0.9814 7.05792
0.9815 7.13596
0.9815 7.22495
0.9812 7.32852
0.9811 7.42351
0.9811 7.49477
0.9809 7.57588
0.9806 7.57609
0.9797 7.59869
0.9796 7.61721
0.9797 7.6272
0.9799 7.5801
0.9802 7.51869
0.9801 7.45791
0.9804 7.41592
0.9804 7.37511
0.9803 7.36095
0.9801 7.31685
0.9801 7.26348
0.9805 7.20549
0.9807 7.14312
0.9811 7.0851
0.9812 7.04336
0.9813 7.01072
0.9813 6.9907
0.9812 6.97797
0.9814 6.9884
0.9814 6.99586
0.9813 6.99479
0.9814 6.99092
0.9815 6.976
0.9815 6.95229
0.9813 6.92361
0.9815 6.89633
0.9814 6.87861
0.9811 6.8334
0.981 6.80103
0.9814 6.77965
0.9815 6.77074
0.9814 6.76997
0.9815 6.77274
0.9814 6.76733
0.9814 6.76516
0.9817 6.759
0.9816 6.75771
0.9818 6.76371
0.9813 6.7724
0.9812 6.78174
0.9814 6.76405
0.9818 6.72239
0.9817 6.69226
0.9814 6.63772
0.9808 6.61736
0.9814 6.6321
0.9818 6.6839
0.9815 6.74331
0.9814 6.80023
0.981 6.86466
0.9804 6.95369
0.9804 7.03277
0.9801 7.08184
0.9806 7.07485
0.9807 7.08238
0.9806 7.0847
0.9807 7.05786
0.9806 6.94684
0.9808 6.83381
0.9812 6.72493
0.9816 6.66442
0.9821 6.65132
0.9822 6.61377
0.982 6.61866
0.9814 6.62086
0.9811 6.64218
0.9809 6.67707
0.9809 6.73479
0.981 6.79327
0.9808 6.8243
0.9807 6.85411
0.9807 6.88226
0.9807 6.90202
0.9808 6.83077
0.9809 6.78586
0.9806 6.764
0.9807 6.75532
0.9806 6.76307
0.9802 6.78809
0.9802 6.83246
0.9796 6.86809
0.9798 6.90072
0.9794 6.92919
0.9795 6.95512
0.9796 6.97134
0.9797 6.96892
0.9799 6.9512
0.9799 6.93307
0.9798 6.91455
0.9804 6.87825
0.9806 6.83763
0.9806 6.81415
0.9813 6.75328
0.9813 6.73736
0.9815 6.74292
0.9817 6.78143
0.9817 6.82783
0.9815 6.89978
0.981 6.99268
0.9808 7.10137
0.9805 7.21714
0.9801 7.32784
0.9799 7.38426
0.98 7.44263
0.9801 7.39202
0.9804 7.31477
0.9803 7.25064
0.9811 7.12642
0.9811 7.00524
0.9816 6.86912
0.9813 6.82831
0.9812 6.84762
0.9808 6.90521
0.9809 6.97858
0.9808 7.07149
0.9805 7.18414
0.9804 7.3119
0.98 7.4168
0.9796 7.51151
0.9795 7.57931
0.9794 7.51027
0.9795 7.45629
0.9796 7.41089
0.9799 7.34822
0.9796 7.2961
0.98 7.26619
0.9798 7.23759
0.9796 7.22876
0.9797 7.23606
0.9797 7.25249
0.9797 7.24478
0.9798 7.23164
0.9796 7.20261
0.98 7.1535
0.9803 7.11737
0.9801 7.05167
0.9804 7.00865
0.9806 6.97234
0.9809 6.90737
0.9815 6.85935
0.9818 6.80245
0.9819 6.76737
0.9819 6.7416
0.9818 6.73529
0.9817 6.7475
0.9816 6.75588
0.9816 6.74916
0.9815 6.76117
0.9814 6.77333
0.9814 6.77743
0.9817 6.77241
0.9814 6.78801
0.9812 6.81321
0.9808 6.83261
0.9814 6.81402
0.9811 6.8062
0.981 6.79683
0.981 6.80869
0.9812 6.82582
0.9814 6.82204
0.9816 6.82049
0.9815 6.82519
0.9813 6.82806
0.9813 6.83644
0.9815 6.83563
0.9816 6.83669
0.9817 6.82863
0.9815 6.82364
0.9816 6.82475
0.9816 6.82914
0.9816 6.82691
0.9817 6.84358
0.9816 6.85407
0.9816 6.87722
0.9814 6.90053
0.9811 6.92533
0.981 6.94521
0.981 6.95442
0.9811 6.95547
0.981 6.95716
0.9809 6.93867
0.981 6.92619
0.9813 6.90512
0.9812 6.87778
0.9811 6.85705
0.9813 6.83851
0.9814 6.82616
0.9815 6.81588
0.9816 6.78947
0.9817 6.75683
0.9821 6.73332
0.982 6.7188
0.9819 6.70922
0.9821 6.68867
0.9821 6.67866
0.982 6.67601
0.9824 6.67349
0.9824 6.67519
0.9825 6.69135
0.9825 6.70268
0.9824 6.71491
0.9822 6.72684
0.982 6.73525
0.9819 6.74465
0.9818 6.75013
0.9818 6.73036
0.9819 6.70853
0.9821 6.69261
0.9819 6.66559
0.982 6.6433
0.982 6.60696
0.9819 6.58429
0.9821 6.56871
0.9817 6.56101
0.9815 6.56213
0.9817 6.57189
0.9821 6.59325
0.982 6.60137
0.9822 6.6161
0.9819 6.6363
0.9818 6.63387
0.9815 6.63787
0.9814 6.65037
0.9811 6.67049
0.9811 6.69971
0.9812 6.73206
0.9811 6.76512
0.9811 6.79551
0.981 6.82132
0.9809 6.89345
0.9808 6.92988
0.9808 6.98096
0.9802 7.06643
0.9797 7.16585
0.9797 7.28053
0.9794 7.31496
0.9796 7.27699
0.9799 7.21754
0.9806 7.11664
0.9811 7.03409
0.9813 6.96594
0.9815 6.88527
0.982 6.81903
0.9821 6.78751
0.9821 6.75134
0.9822 6.7368
0.9818 6.76017
0.9822 6.76433
0.9816 6.8133
0.9815 6.88742
0.9813 6.95823
0.9814 7.00785
0.9814 7.04578
0.9813 7.08966
0.9816 7.1167
0.9816 7.12369
0.9816 7.08443
0.9815 7.06215
0.9816 7.01041
0.9816 6.96327
0.9819 6.95377
0.9818 6.95556
0.9819 6.96095
0.982 6.95763
0.9822 6.96076
0.982 6.95258
0.9822 6.91693
0.9819 6.88481
0.9819 6.85295
0.9819 6.82847
0.9823 6.80997
0.9823 6.79545
0.9824 6.79235
0.9824 6.79865
0.9826 6.76744
0.9824 6.74568
0.9824 6.73517
0.9825 6.73099
0.9827 6.72503
0.9826 6.71842
0.9826 6.70043
0.9823 6.68133
0.9827 6.67261
0.9827 6.63177
0.9826 6.6158
0.9829 6.59378
0.9827 6.60011
0.9826 6.61968
0.9825 6.6408
0.9824 6.66581
0.9823 6.67953
0.9822 6.70754
0.9823 6.75718
0.9821 6.82074
0.9821 6.84425
0.9821 6.88135
0.9821 6.95395
0.982 7.03634
0.9815 7.12654
0.9811 7.20543
0.9803 7.344
0.98 7.49834
0.9797 7.62372
0.9795 7.68566
0.9792 7.71449
0.9789 7.73392
0.9795 7.63335
0.98 7.54968
0.9802 7.47078
0.9805 7.40447
0.9808 7.31535
0.9812 7.22827
0.9814 7.1459
0.9815 6.98592
0.9819 6.8759
0.9819 6.81508
0.9821 6.7995
0.9824 6.79497
0.9826 6.78278
0.9827 6.78182
0.9827 6.76862
0.9825 6.74195
0.9824 6.72729
0.9824 6.72059
0.9822 6.72547
0.982 6.737
0.982 6.73788
0.982 6.71859
0.9819 6.70315
0.9823 6.69761
0.9825 6.71107
0.9828 6.73852
0.9829 6.80249
0.9827 6.87945
0.9824 6.92597
0.9819 6.9695
0.9819 7.02179
0.9821 7.08855
0.982 7.15915
0.9816 7.18049
0.9813 7.16519
0.9813 7.09091
0.9813 7.00709
0.9815 6.93529
0.9818 6.89467
0.9813 6.87213
0.9815 6.86749
0.981 6.89026
0.981 6.92475
0.9809 6.92484
0.9809 6.92581
0.9808 6.90809
0.9811 6.88999
0.9811 6.8803
0.981 6.87779
0.9812 6.82754
0.9815 6.79434
0.9816 6.78838
0.9818 6.7897
0.9817 6.76589
0.982 6.72341
0.9823 6.68761
0.9823 6.66964
0.9823 6.66388
0.9823 6.68965
0.9825 6.72071
0.9821 6.75927
0.9822 6.80496
0.9821 6.8262
0.9823 6.8528
0.982 6.86747
0.9822 6.89048
0.982 6.93312
0.9815 6.94466
0.9811 6.94778
0.9809 6.9595
0.9813 6.9264
0.9809 6.90337
0.9812 6.89924
0.9813 6.90466
0.9812 6.90459
0.9809 6.90028
0.981 6.90093
0.9809 6.90651
0.9808 6.91294
0.9808 6.93246
0.9809 6.95831
0.981 6.96652
0.9812 6.96918
0.9812 6.9694
0.9812 6.96162
0.9812 6.96333
0.9813 6.95953
0.9815 6.96037
0.9818 6.98382
0.9815 7.02083
0.9817 7.05029
0.9816 7.08558
0.9815 7.11706
0.9816 7.15114
0.9814 7.16474
0.9814 7.15936
0.9811 7.15219
0.981 7.13556
0.9813 7.06098
0.9811 6.99855
0.9809 6.94616
0.9808 6.90274
0.9811 6.85745
0.9813 6.82578
0.9814 6.76725
0.9815 6.71883
0.9818 6.68561
0.9818 6.65592
0.982 6.6479
0.9822 6.6495
0.9824 6.65691
0.9824 6.67311
0.9821 6.69058
0.9821 6.70775
0.9823 6.68771
0.9822 6.66629
0.9819 6.64974
0.9819 6.64266
0.9818 6.64979
0.9816 6.66321
0.9817 6.65822
0.9818 6.65532
0.9814 6.68556
0.9812 6.7266
0.981 6.75559
0.9808 6.79571
0.9804 6.83224
0.9813 6.76582
0.9816 6.74797
0.9817 6.76526
0.9813 6.80755
0.981 6.85985
0.9811 6.93694
0.9809 7.01277
0.9807 7.06903
0.9803 7.11999
0.98 7.1643
0.9797 7.1754
0.98 7.1791
0.9798 7.17878
0.98 7.14771
0.9802 7.12027
0.98 7.06623
0.9802 6.94558
0.9801 6.87853
0.9802 6.84407
0.9807 6.81639
0.9805 6.80497
0.9805 6.8073
0.9808 6.817
0.9808 6.8426
0.9804 6.88865
0.9806 6.94339
0.9807 6.99202
0.9803 7.04734
0.9801 7.06973
0.9801 7.07436
0.9801 7.06725
0.9804 7.05871
0.9804 7.05072
0.9804 7.05081
0.9801 7.05157
0.9801 7.04602
0.9795 7.04814
0.9794 7.06171
0.9795 7.0397
0.9798 7.02416
0.9798 7.01364
0.9799 7.00307
0.9803 6.98641
0.9803 6.98528
0.9806 6.97552
0.9809 6.94124
0.9812 6.91889
0.9814 6.81587
0.9814 6.74382
0.9819 6.70484
0.9819 6.68565
0.9818 6.68315
0.9818 6.6254
0.9819 6.58343
0.9819 6.5566
0.9817 6.53846
0.9819 6.52485
0.9818 6.51979
0.9819 6.51156
0.9819 6.50972
0.9818 6.51462
0.9818 6.51757
0.9817 6.52687
0.9819 6.53847
0.982 6.54383
0.9819 6.54919
0.9821 6.54404
0.9816 6.54516
0.9816 6.55269
0.9817 6.56135
0.9816 6.55889
0.9819 6.55755
0.9818 6.57108
0.9817 6.58658
0.9822 6.57776
0.9819 6.58033
0.9817 6.59382
0.9815 6.6088
0.9815 6.62596
0.9815 6.6218
0.9814 6.60635
0.9814 6.59386
0.9815 6.58286
0.9817 6.57932
0.9818 6.57876
0.9817 6.58092
0.9817 6.5807
0.9818 6.57461
0.9818 6.56659
0.9818 6.56683
0.9818 6.56443
0.982 6.56247
0.9819 6.56032
0.9822 6.55969
0.9823 6.56028
0.9824 6.5616
0.982 6.56829
0.982 6.58049
0.9815 6.59715
0.9818 6.61689
0.9816 6.62741
0.9815 6.6423
0.9818 6.66909
0.9817 6.69964
0.9816 6.73288
0.9816 6.76112
0.9815 6.79412
0.9809 6.8511
0.9812 6.90734
0.9807 6.93784
0.9806 6.97525
0.9804 7.01742
0.9801 7.06145
0.9801 7.10134
0.9801 7.11827
0.9801 7.13983
0.9803 7.14152
0.9806 7.15436
0.9804 7.14181
0.9808 7.14094
0.9813 7.14297
0.9814 7.12221
0.9815 7.09437
0.9815 7.07318
0.9819 7.03793
0.9818 7.01782
0.9821 7.01062
0.9821 7.00332
0.9821 6.99993
0.9821 7.00646
0.9821 7.01623
0.9818 7.02764
0.9819 7.02026
0.9822 7.01516
0.9821 7.00687
0.9821 7.00074
0.9824 7.0007
0.9825 6.99949
0.9825 6.99432
0.9826 6.99113
0.9827 6.98937
0.9828 6.93792
0.9828 6.90588
0.9827 6.87831
0.9831 6.85221
0.9829 6.83225
0.9828 6.80829
0.9829 6.79728
0.9827 6.79808
0.9826 6.8101
0.9821 6.82948
0.9819 6.83863
0.9814 6.85682
0.9811 6.87646
0.9811 6.90312
0.981 6.89365
0.9811 6.8801
0.9811 6.86047
0.9813 6.84114
0.9816 6.82876
0.9817 6.8058
0.9817 6.79213
0.9817 6.78537
0.9818 6.78345
0.9817 6.78322
0.9816 6.79791
0.9816 6.81947
0.9815 6.85236
0.982 6.87653
0.9818 6.89637
0.9818 6.92581
0.9817 6.9599
0.9814 6.9878
0.9815 6.99268
0.9814 6.99695
0.9816 6.99967
0.9812 7.00261
0.9813 6.99348
0.9814 6.98523
0.9812 6.97427
0.9812 6.94697
0.9811 6.95461
0.9813 6.96028
0.9813 6.95612
0.9819 6.9275
0.9817 6.90293
0.9818 6.87654
0.982 6.8626
0.9822 6.85149
0.9822 6.83748
0.9824 6.82905
0.9824 6.82723
0.9826 6.82026
0.9829 6.80539
0.9828 6.79739
0.9829 6.79296
0.983 6.79195
0.9829 6.80622
0.9827 6.81641
0.9825 6.83068
0.9825 6.8416
0.9826 6.86171
0.9826 6.87326
0.9826 6.8586
0.9825 6.84447
0.9823 6.84654
0.9823 6.85377
0.982 6.86608
0.982 6.88145
0.982 6.90879
0.9819 6.94429
0.9815 6.98572
0.9813 7.02982
0.9813 7.0737
0.9813 7.11557
0.9811 7.12178
0.981 7.0757
0.9811 7.03644
0.9813 7.00458
0.9816 6.9526
0.9818 6.91474
0.9819 6.8865
0.9819 6.86767
0.9824 6.85013
0.9829 6.81244
0.9829 6.79175
0.9829 6.76397
0.9827 6.7545
0.9825 6.77729
0.9824 6.83906
0.9819 6.93576
0.982 7.03017
0.9822 7.12
0.9822 7.21248
0.982 7.29626
0.9819 7.37
0.9816 7.41274
0.9815 7.43904
0.9815 7.41168
0.9818 7.32281
0.982 7.25596
0.9821 7.14728
0.9821 7.04838
0.9821 6.95668
0.9821 6.86516
0.9823 6.79999
0.9822 6.7559
0.9821 6.72542
0.982 6.70632
0.9821 6.69269
0.982 6.68226
0.9819 6.67557
0.9817 6.67188
0.9819 6.65918
0.9822 6.64451
0.9822 6.63424
0.9822 6.62679
0.9823 6.61183
0.9823 6.60125
0.9823 6.59073
0.9823 6.56788
0.9824 6.55529
0.9826 6.54796
0.9827 6.54091
0.9828 6.53946
0.9829 6.53994
0.9831 6.5395
0.9832 6.52726
0.9832 6.52315
0.9831 6.52311
0.9831 6.52499
0.9831 6.5285
0.983 6.53152
0.9828 6.53108
0.983 6.51287
0.9829 6.50418
0.983 6.4904
0.9825 6.4812
0.9828 6.46232
0.9828 6.45094
0.9827 6.4453
0.9825 6.44502
0.9822 6.45014
0.9823 6.45247
0.9824 6.45683
0.9826 6.46844
0.9825 6.48784
0.9825 6.51209
0.9825 6.55403
0.9821 6.61346
0.9821 6.67299
0.9818 6.73456
0.9818 6.7277
0.982 6.71245
0.9821 6.69006
0.9821 6.68277
0.9821 6.66513
0.9821 6.6467
0.9819 6.6014
0.9819 6.56692
0.9823 6.54831
0.9824 6.53404
0.9822 6.52257
0.9823 6.52057
0.9823 6.53047
0.9823 6.54987
0.9823 6.57421
0.9823 6.60261
0.9821 6.63417
0.9819 6.66838
0.9818 6.70309
0.9817 6.7347
0.9817 6.76397
0.9815 6.78909
0.9816 6.8092
0.9812 6.82849
0.9811 6.8428
0.9812 6.8523
0.9815 6.81628
0.9814 6.78735
0.9818 6.76311
0.982 6.75115
0.9821 6.74332
0.9819 6.74116
0.9822 6.74205
0.9822 6.74488
0.9822 6.74414
0.9825 6.7256
0.9826 6.71526
0.9826 6.69417
0.9825 6.69169
0.9824 6.70126
0.9826 6.71759
0.9829 6.73342
0.9829 6.75592
0.9828 6.78215
0.9824 6.764
0.9825 6.75746
0.9823 6.76258
0.9826 6.75926
0.9823 6.76251
0.9824 6.77494
0.9827 6.76216
0.9824 6.76398
0.9823 6.78691
0.9826 6.81586
0.9818 6.85161
0.9818 6.88901
0.9816 6.9286
0.9819 6.96805
0.9819 7.00131
0.982 7.03936
0.9822 7.07678
0.9822 7.11405
0.9821 7.12869
0.9817 7.14705
0.9817 7.128
0.9815 7.0875
0.9817 7.0604
0.9815 7.04171
0.9818 7.02898
0.9819 7.02038
0.9817 7.00848
0.9817 7.00252
0.9818 7.00053
0.9819 7.00348
0.9814 6.99687
0.9815 6.99605
0.9816 6.96792
0.9815 6.92706
0.9814 6.88552
0.9812 6.85285
0.9811 6.81423
0.9814 6.78649
0.9812 6.76244
0.9813 6.75063
0.9815 6.74479
0.9817 6.74847
0.9821 6.77037
0.9822 6.79844
0.9822 6.83705
0.9822 6.87241
0.9821 6.9098
0.9821 6.95006
0.9823 6.98907
0.9821 7.04679
0.982 7.10658
0.982 7.16483
0.9819 7.22306
0.9818 7.26246
0.9819 7.29792
0.9819 7.31374
0.9821 7.26485
0.982 7.23002
0.9821 7.206
0.9825 7.16087
0.9824 7.1242
0.9826 7.10294
0.9827 7.09307
0.9827 7.08223
0.9825 7.08007
0.9827 7.06438
0.983 7.05393
0.983 7.04978
0.9829 6.9898
0.9829 6.94772
0.9826 6.92261
0.9825 6.90948
0.9823 6.90563
0.9822 6.90886
0.9825 6.90732
0.9822 6.91176
0.9821 6.92237
0.9816 6.92707
0.9815 6.92755
0.9813 6.93343
0.9809 6.94999
0.981 6.96491
0.981 6.97787
0.9812 6.96092
0.9812 6.94719
0.9812 6.9438
0.9815 6.9114
0.9815 6.87546
0.9812 6.85073
0.9816 6.8455
0.9817 6.85601
0.9817 6.86288
0.982 6.86786
0.9822 6.87783
0.9826 6.89655
0.9825 6.91671
0.9826 6.93772
0.9826 6.9592
0.9822 6.95707
0.9825 6.95309
0.9825 6.96654
0.9826 6.99016
0.9825 7.02493
0.9825 7.03427
0.9824 7.04375
0.9821 7.05135
0.9819 7.06059
0.9821 7.07051
0.9822 7.09293
0.9821 7.11836
0.9823 7.1103
0.9822 7.08546
0.9821 7.06565
0.9823 7.02999
0.9825 7.00316
0.9824 6.98157
0.9825 6.96595
0.9827 6.97468
0.9827 7.00099
0.9827 7.04437
0.9826 7.08725
0.9817 7.14777
0.9816 7.20592
0.9818 7.26622
0.9814 7.33162
0.981 7.40145
0.9808 7.42275
0.9813 7.32116
0.9814 7.24011
0.9816 7.14816
0.9815 7.0743
0.9818 7.00462
0.9822 6.94541
0.9824 6.85811
0.9825 6.80394
0.9825 6.76393
0.983 6.75237
0.9831 6.75548
0.9829 6.75168
0.9826 6.74951
0.9822 6.75671
0.9824 6.78467
0.9825 6.80184
0.9825 6.85645
0.9821 6.92954
0.9819 7.00752
0.9819 7.09607
0.9821 7.1673
0.9818 7.19007
0.9816 7.20852
0.9812 7.23385
0.981 7.25852
0.9809 7.26431
0.9809 7.27436
0.9811 7.28534
0.9813 7.29384
0.9807 7.305
0.981 7.30593
0.981 7.306
0.9812 7.30041
0.981 7.31071
0.9809 7.30576
0.981 7.31967
0.9811 7.34544
0.9812 7.37797
0.9812 7.3829
0.9813 7.39607
0.9812 7.39857
0.9811 7.36174
0.9811 7.32594
0.981 7.27206
0.9812 7.22287
0.9811 7.18607
0.9809 7.09414
0.9809 7.02524
0.9808 6.9686
0.9814 6.93493
0.9815 6.91556
0.9816 6.9077
0.9818 6.90769
0.9817 6.91472
0.9819 6.92627
0.9816 6.93004
0.9817 6.93831
0.982 6.9504
0.9818 6.95476
0.982 6.96124
0.9823 6.95492
0.9823 6.94597
0.9825 6.91808
0.9825 6.90075
0.9825 6.9161
0.9828 6.94263
0.983 6.97629
0.9828 7.01363
0.983 7.04991
0.9826 7.07964
0.9826 7.0943
0.9826 7.1065
0.9824 7.11585
0.9829 6.98619
0.983 6.88673
0.983 6.81014
0.983 6.75085
0.9831 6.70987
0.9826 6.68422
0.9826 6.67464
0.9825 6.67342
0.9825 6.67894
0.9821 6.69
0.9822 6.70532
0.9823 6.7248
0.9823 6.74887
0.9821 6.77701
0.9821 6.80704
0.9818 6.81424
0.9816 6.8353
0.9815 6.8739
0.9813 6.91433
0.9812 6.95282
0.9814 6.96783
0.9811 6.98772
0.981 6.99576
0.9808 6.99542
0.9809 6.94966
0.9812 6.91934
0.981 6.91634
0.981 6.90782
0.9811 6.90322
0.9811 6.90092
0.9813 6.89899
0.9813 6.90033
0.9813 6.90925
0.9811 6.91877
0.9812 6.93036
0.9811 6.94465
0.981 6.9592
0.9809 6.97318
0.9809 6.98912
0.9811 6.99793
0.9808 7.01959
0.9806 7.04392
0.9807 7.07075
0.9808 7.09535
0.9808 7.11788
0.9808 7.10828
0.9805 7.1129
0.9803 7.1192
0.9803 7.13591
0.9803 7.15519
0.9803 7.15587
0.9804 7.16003
0.9804 7.13159
0.9807 7.11056
0.9808 7.09099
0.9808 7.07969
0.981 7.07101
0.9811 7.05235
0.9811 7.02689
0.9814 6.99738
0.9817 6.95886
0.9819 6.92953
0.9821 6.90835
0.9827 6.89408
0.9827 6.88709
0.9824 6.88901
0.9828 6.89774
0.9829 6.89465
0.9829 6.89459
0.9832 6.89747
0.9834 6.90388
0.9832 6.90357
0.9834 6.90164
0.9837 6.90128
0.9839 6.90425
0.984 6.90863
0.9839 6.91535
0.9837 6.91046
0.9834 6.91327
0.9832 6.92169
0.9834 6.94725
0.9834 6.97822
0.983 7.00574
0.9827 7.03292
0.9825 7.05952
0.9825 7.08505
0.9826 7.1134
0.9825 7.14033
0.9825 7.13423
0.9824 7.12966
0.9824 7.12375
0.9824 7.07921
0.9822 7.05891
0.9824 7.04395
0.9823 7.04722
0.9824 7.06307
0.982 7.06855
0.9819 7.08132
0.9821 7.05698
0.982 7.03462
0.9817 7.02496
0.9816 7.01861
0.9815 7.02069
0.981 7.01978
0.9809 7.02219
0.981 7.01631
0.9808 7.02834
0.9809 7.03511
0.9809 7.03744
0.9806 7.03404
0.9808 7.03538
0.9806 7.04175
0.9803 7.03587
0.9805 7.03944
0.9806 7.04664
0.9804 7.05524
0.9808 7.06338
0.981 7.07202
0.9811 7.07453
0.9811 7.08249
0.981 7.07519
0.9811 7.07115
0.9811 7.08195
0.981 7.09273
0.9809 7.10542
0.981 7.09976
0.9812 7.0908
0.9813 7.06007
0.9815 7.0393
0.9816 7.02995
0.9813 7.03077
0.9814 7.03387
0.9816 7.02762
0.9817 7.02273
0.9819 7.02417
0.9821 7.03069
0.9823 7.02949
0.9824 7.01986
0.9828 7.00752
0.983 6.99329
0.9829 6.98064
0.9829 6.97027
0.983 6.9596
0.9828 6.93818
0.9822 6.92033
0.9821 6.90765
0.9821 6.90272
0.982 6.90156
0.9821 6.90972
0.9819 6.92324
0.9818 6.94051
0.9816 6.95805
0.9818 6.97932
0.9816 6.99783
0.9816 7.0156
0.9815 7.02594
0.9815 7.02994
0.9815 7.03411
0.9815 7.03669
0.9819 7.03953
0.9819 7.04093
0.982 7.0366
0.9819 7.04042
0.9816 7.05412
0.9818 7.0682
0.9817 7.07868
0.9815 7.08432
0.9816 7.08978
0.9816 7.09678
0.982 7.08809
0.982 7.08346
0.9828 7.01752
0.983 6.98186
0.9829 6.96904
0.9828 6.97227
0.9828 6.98886
0.9827 7.01084
0.9828 7.04072
0.983 7.07045
0.9825 7.10322
0.9824 7.13543
0.9822 7.15913
0.9821 7.18001
0.982 7.19752
0.9818 7.21095
0.9817 7.21252
0.9818 7.22003
0.9819 7.22591
0.982 7.23203
0.982 7.23341
0.9821 7.22526
0.9821 7.21862
0.982 7.18596
0.982 7.1528
0.9821 7.12558
0.9822 7.10049
0.9823 7.05574
0.9823 7.02051
0.9824 6.99246
0.9824 6.97598
0.9822 6.97501
0.9822 6.97831
0.9822 6.98536
0.9821 6.99449
0.9821 7.00435
0.9823 7.0158
0.9822 7.03278
0.982 7.04417
0.9817 7.0604
0.9817 7.07636
0.9816 7.09501
0.9817 7.11385
0.9817 7.11856
0.9817 7.12449
0.9815 7.12225
0.9817 7.12317
0.9817 7.09926
0.9818 7.09603
0.982 7.10716
0.9818 7.10747
0.9818 7.11539
0.9818 7.12632
0.9818 7.14433
0.9816 7.16459
0.9812 7.18658
0.9813 7.2083
0.9811 7.23482
0.981 7.25719
0.981 7.26995
0.9812 7.26337
0.9812 7.24379
0.9813 7.22994
0.9816 7.16198
0.982 7.10185
0.9823 7.04454
0.9826 6.9991
0.9826 6.96171
0.9824 6.93226
0.9826 6.90884
0.9827 6.89044
0.9828 6.88525
0.9832 6.88436
0.9828 6.88791
0.9829 6.8984
0.9829 6.90883
0.9829 6.91865
0.9826 6.93042
0.9824 6.94399
0.9823 6.9583
0.9823 6.97247
0.9823 6.98704
0.9825 6.9971
0.9826 7.00912
0.9826 7.01812
0.9825 7.02661
0.9826 7.02842
0.9827 7.03797
0.9827 7.05217
0.9826 7.06512
0.9826 7.07435
0.9827 7.07994
0.9825 7.07521
0.9827 7.06905
0.9828 7.0474
0.9828 7.02836
0.9826 7.00905
0.9827 6.99666
0.9827 7.00878
0.9826 7.02654
0.9823 7.05051
0.9826 7.07761
0.9825 7.10683
0.9826 7.12553
0.9827 7.12861
0.9827 7.13274
0.9829 7.13557
0.9828 7.13903
0.983 7.14144
0.9829 7.13879
0.983 7.1314
0.9833 7.11553
0.9832 7.10139
0.9832 7.09113
0.9832 7.08436
0.9831 7.08337
0.9832 7.09662
0.9834 7.11155
0.9832 7.12731
0.9833 7.14265
0.9831 7.15619
0.983 7.13899
0.9832 7.12791
0.9833 7.12294
0.9831 7.1215
0.9831 7.12106
0.9832 7.12382
0.9833 7.12732
0.9832 7.09583
0.9832 7.07505
0.9831 7.05942
0.9832 7.03196
0.9827 7.01419
0.9829 7.01942
0.9825 7.04445
0.9822 7.07475
0.982 7.09751
0.9819 7.12642
0.9821 7.14144
0.982 7.14927
0.9822 7.15868
0.9822 7.16955
0.982 7.12875
0.9819 7.08461
0.9819 7.06123
0.9821 7.04172
0.9819 7.03525
0.9816 7.04494
0.9822 7.06499
0.9815 7.09301
0.9814 7.12931
0.9812 7.17487
0.9812 7.24062
0.9813 7.30635
0.9813 7.36621
0.9816 7.41453
0.9816 7.41611
0.9816 7.4034
0.9817 7.39444
0.9816 7.33411
0.9813 7.28862
0.9814 7.24779
0.9816 7.21767
0.9819 7.15631
0.9817 7.11944
0.982 7.1038
0.9821 7.09945
0.9823 7.10852
0.9824 7.11827
0.9826 7.10849
0.9825 7.11423
0.9822 7.13272
0.9823 7.1469
0.982 7.19508
0.9814 7.23161
0.9815 7.27371
0.9817 7.31726
0.9816 7.32772
0.9816 7.33922
0.9816 7.34213
0.9818 7.25107
0.9817 7.1812
0.9821 7.12647
0.9822 7.0811
0.9823 7.04849
0.9824 7.01123
0.9827 6.98761
0.9826 6.97145
0.9826 6.95153
0.9823 6.92694
0.9826 6.91578
0.9825 6.91693
0.9824 6.9208
0.9823 6.93531
0.9824 6.95448
0.9824 6.97841
0.9822 7.00123
0.9822 7.02665
0.9821 7.08482
0.982 7.14625
0.982 7.2008
0.9822 7.20707
0.982 7.20545
0.9818 7.19331
0.9821 7.09733
0.9819 7.02719
0.9818 6.99849
0.9821 7.00456
0.9823 7.03694
0.9821 7.09087
0.9824 7.15314
0.9823 7.22778
0.9821 7.29847
0.982 7.37104
0.9819 7.4411
0.9821 7.49569
0.9818 7.46928
0.9812 7.44807
0.981 7.43803
0.9811 7.4279
0.9813 7.38888
0.9813 7.28797
0.9814 7.21355
0.9816 7.15526
0.9814 7.11133
0.9814 7.08439
0.9816 7.07234
0.9816 7.07134
0.9818 7.07712
0.9819 7.08826
0.9813 7.10433
0.9814 7.10341
0.9813 7.09765
0.9816 7.07773
0.9813 7.07327
0.9816 7.07055
0.9816 7.07709
0.982 7.08968
0.9822 7.08935
0.9822 7.09186
0.9824 7.09949
0.9824 7.10599
0.9825 7.11558
0.9827 7.10472
0.9827 7.08652
0.9825 7.07639
0.9827 7.07142
0.9829 7.05538
0.9827 7.0266
0.9827 7.00246
0.9826 6.98029
0.9824 6.96556
0.9824 6.95723
0.9825 6.94747
0.9824 6.94376
0.9824 6.94255
0.9826 6.94353
0.9826 6.95155
0.9825 6.96049
0.9824 6.97003
0.9824 6.97172
0.9825 6.97246
0.9823 6.96026
0.9822 6.95247
0.9824 6.94738
0.9824 6.94602
0.9826 6.94429
0.9824 6.94458
0.9824 6.94937
0.9824 6.95644
0.9827 6.96614
0.9826 6.97535
0.9827 6.98305
0.9827 6.99125
0.9825 6.99935
0.9825 7.00751
0.9825 7.01416
0.9824 7.02279
0.9824 7.03025
0.9825 7.03745
0.9826 7.04421
0.9824 7.05012
0.9825 7.05837
0.9826 7.06665
0.9827 7.07414
0.9825 7.0789
0.9826 7.08706
0.9824 7.09668
0.9823 7.10478
0.9828 7.10806
0.9826 7.11327
0.9828 7.12501
0.9828 7.13819
0.9829 7.15456
0.9828 7.15936
0.9826 7.17098
0.9828 7.19529
0.9829 7.22207
0.9829 7.25255
0.9828 7.28082
0.9825 7.30909
0.9826 7.33477
0.982 7.35692
0.9817 7.37591
0.9817 7.39135
0.9817 7.40942
0.9817 7.42649
0.9815 7.45306
0.9815 7.45464
0.9815 7.43954
0.9816 7.42764
0.9816 7.4058
0.9812 7.38727
0.9811 7.37689
0.9814 7.35819
0.9816 7.35263
0.9816 7.3515
0.9817 7.36143
0.9817 7.37915
0.9819 7.35609
0.982 7.34094
0.982 7.33212
0.9819 7.32829
0.9825 7.33349
0.9825 7.3286
0.9827 7.33329
0.9827 7.33597
0.9826 7.33826
0.9826 7.34004
0.9823 7.34125
0.9823 7.33739
0.9826 7.31306
0.9826 7.29745
0.9827 7.28567
0.9827 7.27195
0.9828 7.2564
0.9829 7.24314
0.9827 7.21387
0.9826 7.19754
0.9827 7.19378
0.9828 7.19703
0.9829 7.20154
0.9827 7.20454
0.9826 7.21322
0.9823 7.21936
0.9825 7.21083
0.9822 7.20448
0.9823 7.19951
0.9821 7.18852
0.982 7.17943
0.9818 7.17208
0.9818 7.16346
0.9819 7.14814
0.982 7.13418
0.9821 7.12521
0.9821 7.11912
0.9819 7.11503
0.982 7.11394
0.982 7.11308
0.9819 7.11263
0.9819 7.1081
0.9818 7.10999
0.9822 7.10929
0.9823 7.11316
0.9825 7.11871
0.9824 7.12855
0.9824 7.12857
0.9825 7.13051
0.9827 7.13226
0.9826 7.13534
0.9825 7.14018
0.9824 7.14257
0.9825 7.14724
0.9826 7.15474
0.9825 7.1606
0.9824 7.16801
0.9825 7.17665
0.9823 7.18555
0.9822 7.19457
0.9823 7.20493
0.9822 7.2155
0.9822 7.22106
0.9823 7.20418
0.9825 7.19331
0.9827 7.18703
0.9828 7.1798
0.983 7.1743
0.9831 7.16074
0.9831 7.15208
0.9831 7.14727
0.9829 7.16311
0.983 7.18432
0.9827 7.21012
0.9824 7.23779
0.9828 7.26197
0.9828 7.29293
0.9828 7.32087
0.9829 7.34361
0.9829 7.3607
0.9829 7.37522
0.9828 7.38217
0.9826 7.39351
0.9824 7.40486
0.9825 7.40878
0.9823 7.41575
0.9823 7.42195
0.9824 7.4211
0.9824 7.41122
0.9827 7.37994
0.9827 7.32448
0.9824 7.29518
0.9826 7.27998
0.9824 7.27448
0.9824 7.27637
0.982 7.27495
0.9818 7.28062
0.9816 7.27232
0.9813 7.26433
0.9813 7.25706
0.9815 7.26118
0.9814 7.27493
0.9809 7.28678
0.9807 7.30807
0.9809 7.33616
0.981 7.36317
0.9813 7.39223
0.981 7.42183
0.9812 7.44103
0.9814 7.42727
0.9813 7.41659
0.9814 7.40008
0.9815 7.384
0.9816 7.36666
0.9815 7.345
0.9817 7.3314
0.9818 7.32416
0.9818 7.32069
0.9817 7.32095
0.9819 7.32248
0.9819 7.32548
0.9819 7.32896
0.9819 7.33427
0.9819 7.33564
0.9818 7.33889
0.9818 7.34374
0.982 7.34601
0.982 7.34985
0.9818 7.34661
0.9817 7.34415
0.9816 7.34078
0.9818 7.34075
0.9819 7.33857
0.9819 7.33936
0.982 7.34074
0.9819 7.34529
0.982 7.35028
0.9818 7.3553
0.9819 7.35816
0.9821 7.36346
0.9822 7.37346
0.9823 7.38121
0.9823 7.39048
0.9822 7.3999
0.9822 7.4095
0.9821 7.41927
0.982 7.42785
0.982 7.43466
0.9819 7.44132
0.9819 7.447
0.982 7.4524
0.9819 7.45731
0.982 7.45717
0.982 7.45937
0.9819 7.46401
0.9818 7.4699
0.9818 7.47692
0.9816 7.48514
0.9818 7.4915
0.9819 7.49861
0.9818 7.50697
0.9819 7.51421
0.9819 7.52149
0.9819 7.52863
0.9819 7.53365
0.9819 7.5222
0.982 7.51391
0.9821 7.50657
0.9821 7.50097
0.9821 7.49729
0.9821 7.48711
0.9821 7.48135
0.9819 7.47988
0.9818 7.47719
0.9821 7.47718
0.9821 7.47884
0.982 7.48319
0.9821 7.49039
0.9823 7.50819
0.9823 7.52762
0.982 7.54533
0.9822 7.56269
0.9821 7.58019
0.9818 7.59688
0.9819 7.61297
0.9819 7.6319
0.9819 7.65144
0.9818 7.66938
0.9819 7.67965
0.982 7.68985
0.9818 7.70108
0.9819 7.66716
0.9824 7.59257
0.9823 7.55784
0.9822 7.55097
0.9824 7.5594
0.9824 7.57912
0.9822 7.60887
0.9818 7.62879
0.9818 7.64519
0.9816 7.66135
0.9815 7.63459
0.9815 7.61304
0.9812 7.59915
0.9812 7.5898
0.9812 7.58178
0.9812 7.57545
0.9812 7.56277
0.9812 7.54912
0.9811 7.53484
0.9811 7.51067
0.9814 7.49242
0.9814 7.4788
0.9814 7.46896
0.9814 7.46045
0.9815 7.45521
0.9815 7.45671
0.9813 7.4549
0.9815 7.45166
0.9814 7.44796
0.9814 7.44483
0.9814 7.44422
0.9816 7.43674
0.9815 7.42722
0.9815 7.41863
0.9817 7.41363
0.9817 7.41971
0.9818 7.42575
0.9818 7.43258
0.9818 7.4394
0.9819 7.43771
0.9821 7.43783
0.982 7.4388
0.982 7.4401
0.982 7.4405
0.9818 7.44024
0.9818 7.43963
0.9818 7.4394
0.982 7.43985
0.9819 7.42725
0.982 7.40858
0.9816 7.3786
0.9816 7.36187
0.9816 7.35463
0.9815 7.34585
0.9816 7.3431
0.9818 7.34504
0.9819 7.34964
0.9817 7.35639
0.9819 7.36373
0.9819 7.37098
0.9818 7.37676
0.9817 7.38204
0.9816 7.38727
0.9817 7.38999
0.9813 7.39221
0.9812 7.39968
0.9812 7.40941
0.9812 7.41983
0.9812 7.42676
0.981 7.43911
0.981 7.45161
0.9811 7.46373
0.9811 7.47908
0.9811 7.49141
0.9812 7.50384
0.9811 7.50133
0.9812 7.50104
0.9812 7.50073
0.9812 7.50135
0.9814 7.49109
0.9817 7.48084
0.9819 7.47136
0.9818 7.4638
0.9818 7.45945
0.9818 7.45574
0.9817 7.45416
0.9819 7.45424
0.9819 7.45138
0.9818 7.44934
0.9819 7.44707
0.9819 7.4443
0.9818 7.44172
0.9818 7.44028
0.9818 7.43947
0.9819 7.44033
0.9819 7.43706
0.9818 7.43549
0.9816 7.43162
0.9816 7.42977
0.9816 7.43267
0.9817 7.43999
0.9816 7.45011
0.982 7.4627
0.9821 7.47513
0.982 7.50065
0.9818 7.53422
0.9817 7.56808
0.9816 7.5986
0.9815 7.63007
0.9816 7.65992
0.9818 7.69107
0.9819 7.71877
0.9818 7.74137
0.9818 7.76258
0.9818 7.77735
0.9818 7.78242
0.9817 7.77857
0.9815 7.76975
0.9815 7.76139
0.9815 7.75048
0.9815 7.7364
0.9817 7.72401
0.982 7.69049
0.9821 7.66187
0.9821 7.63881
0.9819 7.61828
0.9819 7.59901
0.9818 7.58134
0.982 7.56371
0.9819 7.54296
0.9821 7.512
0.9819 7.4805
0.9819 7.45694
0.982 7.43851
0.9821 7.42413
0.982 7.41293
0.9821 7.40262
0.982 7.39415
0.9819 7.38716
0.9822 7.36623
0.9825 7.35148
0.9827 7.34134
0.9827 7.33379
0.9828 7.33386
0.9828 7.3408
0.9828 7.3538
0.9828 7.36692
0.9826 7.3829
0.9823 7.39746
0.9824 7.41277
0.9823 7.42913
0.9823 7.44537
0.9823 7.46114
0.9824 7.47526
0.9824 7.48993
0.9824 7.50662
0.9825 7.50625
0.9824 7.50799
0.9823 7.50745
0.9823 7.50582
0.9822 7.5083
0.9821 7.50431
0.982 7.5039
0.982 7.50183
0.9819 7.50185
0.9822 7.49246
0.9823 7.48432
0.9825 7.4778
0.9825 7.46955
0.9825 7.46264
0.9825 7.4404
0.9826 7.42315
0.9825 7.40986
0.9826 7.42548
0.9827 7.44652
0.9828 7.471
0.9826 7.49568
0.9824 7.52378
0.9825 7.54504
0.9822 7.56674
0.9822 7.58344
0.9821 7.59669
0.9821 7.60815
