Extracting MNIST_data/train-images-idx3-ubyte.gz
Extracting MNIST_data/train-labels-idx1-ubyte.gz
Extracting MNIST_data/t10k-images-idx3-ubyte.gz
Extracting MNIST_data/t10k-labels-idx1-ubyte.gz
0.455 20068.3
0.5424 17786.7
0.3816 17369.3
0.5807 15007.3
0.6617 13538.0
0.7057 12565.7
0.7404 11592.8
0.7793 10826.8
0.7925 10513.5
0.7646 9975.27
0.7914 9489.86
0.7735 9144.51
0.7935 8949.08
0.8012 8578.22
0.802 8312.39
0.8097 8041.88
0.818 7819.65
0.8041 7730.97
0.834 7392.92
0.8116 7449.02
0.8217 7252.0
0.8468 6938.94
0.8396 6872.04
0.8366 6778.21
0.8398 6632.62
0.8338 6691.76
0.8355 6537.33
0.835 6496.81
0.8285 6534.02
0.8556 6161.03
0.8521 6200.36
0.854 6056.51
0.8507 6018.06
0.8541 6090.01
0.8509 6067.6
0.8557 5856.32
0.8573 5805.38
0.863 5673.69
0.861 5648.37
0.8609 5600.3
0.8495 5685.84
0.865 5542.02
0.8545 5592.54
0.8636 5400.75
0.8563 5510.21
0.8669 5285.11
0.8669 5289.37
0.8735 5188.58
0.8752 5179.94
0.8685 5178.32
0.8646 5192.55
0.8745 5138.41
0.8757 5080.48
0.8768 5031.85
0.878 5059.39
0.8727 5009.68
0.8708 5036.99
0.8776 4906.91
0.8787 4873.4
0.8776 4861.15
0.882 4807.21
0.8798 4758.54
0.8752 4888.26
0.8729 4833.82
0.8801 4749.55
0.881 4716.83
0.885 4702.35
0.8826 4658.99
0.8825 4658.97
0.8856 4580.93
0.875 4687.18
0.8825 4558.7
0.885 4547.58
0.8857 4510.64
0.8807 4632.75
0.8815 4600.0
0.8841 4577.42
0.8859 4484.75
0.8877 4497.69
0.8859 4495.1
0.8866 4453.5
0.8888 4442.66
0.8836 4487.55
0.8815 4485.39
0.8875 4391.83
0.8867 4370.16
0.8861 4375.22
0.8899 4325.46
0.8888 4331.58
0.8849 4388.48
0.8893 4300.33
0.885 4320.23
0.8785 4422.68
0.8914 4258.95
0.8913 4261.97
0.8888 4287.36
0.888 4239.21
0.8849 4281.25
0.8887 4219.96
0.8889 4238.11
0.8873 4235.94
0.8901 4198.8
0.8874 4203.52
0.8872 4220.54
0.8851 4254.41
0.8846 4224.96
0.8898 4195.58
0.8902 4183.41
0.8909 4149.53
0.8913 4141.06
0.8913 4115.14
0.8919 4104.57
0.8885 4145.53
0.8923 4096.02
0.8872 4163.92
0.889 4135.93
0.8925 4086.55
0.8931 4093.34
0.887 4204.93
0.892 4079.41
0.891 4112.6
0.8933 4083.3
0.8919 4082.27
0.8965 4028.73
0.8962 4023.27
0.8911 4066.82
0.8974 3977.73
0.8875 4097.22
0.8968 3988.27
0.8866 4107.54
0.8938 4023.87
0.8914 4022.54
0.8955 3943.94
0.898 3936.03
0.8989 3950.12
0.8991 3905.99
0.8989 3886.67
0.8969 3907.81
0.8962 3903.54
0.8986 3893.16
0.8991 3878.54
0.8985 3885.57
0.8929 3973.21
0.8986 3858.39
0.8995 3859.33
0.8978 3879.69
0.8962 3862.7
0.8966 3883.71
0.8969 3849.45
0.8966 3859.85
0.894 3897.39
0.8954 3881.12
0.8976 3846.7
0.8997 3828.63
0.895 3844.49
0.8941 3921.6
0.8992 3830.37
0.8961 3871.14
0.8961 3874.78
0.897 3851.76
0.8972 3826.29
0.8913 3900.37
0.8954 3872.15
0.8933 3881.8
0.896 3836.36
0.8955 3823.78
0.8971 3811.47
0.8952 3858.09
0.898 3874.48
0.9018 3783.41
0.8963 3783.41
0.8996 3763.52
0.8976 3795.2
0.9004 3730.16
0.9011 3720.42
0.9003 3734.24
0.9027 3724.02
0.9006 3736.49
0.8988 3799.18
0.8978 3789.4
0.9014 3725.6
0.9001 3745.14
0.8981 3766.68
0.8982 3732.15
0.8942 3808.5
0.9002 3709.12
0.8957 3759.73
0.8997 3700.97
0.8997 3707.68
0.8991 3702.73
0.9002 3723.59
0.9016 3700.56
0.899 3746.63
0.899 3774.73
0.8984 3758.78
0.9009 3682.86
0.8981 3731.09
0.8999 3705.15
0.9028 3662.42
0.9025 3646.3
0.9036 3629.17
0.9032 3631.9
0.8967 3713.2
0.9005 3655.58
0.9015 3661.03
0.9007 3650.78
0.9007 3669.07
0.8998 3691.77
0.896 3723.92
0.8968 3695.71
0.9006 3662.26
0.8982 3678.25
0.8996 3652.9
0.8972 3682.17
0.8974 3717.53
0.8977 3651.48
0.8997 3639.1
0.8984 3635.61
0.8998 3600.18
0.9011 3580.38
0.9013 3614.3
0.901 3632.41
0.9 3652.87
0.8987 3663.74
0.904 3576.31
0.9016 3591.8
0.903 3590.45
0.9037 3616.29
0.906 3560.66
0.9025 3570.96
0.9015 3570.32
0.898 3669.57
0.9022 3609.82
0.9035 3541.63
0.9009 3590.66
0.8998 3591.55
0.8988 3643.87
0.9018 3551.31
0.9008 3567.5
0.9008 3576.28
0.903 3570.64
0.9046 3540.37
0.9048 3518.23
0.9049 3527.75
0.9048 3515.01
0.9027 3558.99
0.9008 3557.7
0.9002 3591.44
0.9025 3529.85
0.9019 3559.08
0.9 3605.37
0.9034 3525.69
0.9029 3544.9
0.9033 3526.54
0.9034 3501.95
0.9015 3519.73
0.9026 3556.08
0.902 3511.82
0.902 3509.21
0.9021 3479.01
0.9027 3485.52
0.9014 3498.35
0.9003 3524.14
0.9027 3493.58
0.9032 3503.12
0.9008 3578.69
0.9063 3498.44
0.9046 3516.24
0.9007 3543.74
0.9027 3496.38
0.9046 3438.6
0.9067 3432.88
0.9038 3477.15
0.9029 3490.03
0.9014 3545.36
0.901 3571.52
0.903 3513.39
0.9034 3459.03
0.903 3483.57
0.9048 3429.08
0.9051 3445.91
0.9038 3460.3
0.9052 3410.68
0.9035 3456.83
0.9042 3465.1
0.9051 3495.57
0.9072 3452.47
0.9062 3457.59
0.9056 3437.39
0.9073 3416.53
0.906 3410.16
0.9064 3413.45
0.905 3450.55
0.9054 3402.79
0.9043 3405.76
0.9028 3462.93
0.9034 3450.92
0.9033 3452.87
0.9033 3424.69
0.9039 3439.14
0.9044 3448.84
0.9068 3413.67
0.9057 3414.02
0.9048 3414.14
0.9046 3432.0
0.9045 3432.55
0.9068 3391.44
0.9075 3375.92
0.9083 3370.01
0.9067 3397.73
0.9066 3425.82
0.9044 3455.94
0.9069 3405.47
0.9074 3423.7
0.9081 3381.93
0.9071 3427.76
0.9051 3459.41
0.9076 3424.53
0.9073 3422.84
0.908 3413.11
0.9082 3393.44
0.9093 3402.84
0.9098 3392.93
0.9087 3390.41
0.9098 3411.87
0.908 3397.89
0.9081 3405.43
0.9087 3401.22
0.9102 3415.36
0.9077 3446.04
0.9069 3419.41
0.9049 3468.34
0.9082 3405.43
0.9064 3437.69
0.9065 3409.67
0.9057 3426.8
0.9061 3423.87
0.9089 3355.5
0.9082 3361.78
0.9085 3356.42
0.9074 3344.84
0.9086 3327.54
0.9074 3367.48
0.9067 3403.15
0.9062 3425.52
0.9079 3387.15
0.9073 3413.95
0.9075 3348.67
0.9073 3375.89
0.9073 3347.31
0.9087 3332.7
0.9061 3406.52
0.9063 3358.47
0.9065 3379.57
0.9074 3336.5
0.9061 3369.02
0.9048 3388.59
0.9048 3369.02
0.9085 3357.31
0.9059 3364.19
0.9072 3344.31
0.9085 3336.6
0.9097 3333.04
0.909 3321.86
0.9088 3333.82
0.9086 3327.02
0.9083 3324.28
0.9082 3350.67
0.9056 3359.06
0.907 3334.42
0.908 3332.89
0.9079 3312.44
0.9089 3294.41
0.9079 3297.78
0.9069 3305.15
0.9078 3271.53
0.9101 3275.69
0.908 3316.38
0.91 3317.78
0.9082 3360.72
0.906 3352.51
0.9091 3283.09
0.9087 3300.0
0.9075 3311.8
0.908 3323.15
0.9083 3291.32
0.9078 3289.71
0.9076 3302.3
0.908 3305.48
0.9081 3325.56
0.9082 3296.13
0.9085 3311.24
0.9104 3260.36
0.9101 3271.72
0.9087 3282.67
0.9116 3267.96
0.9102 3309.28
0.911 3261.16
0.9117 3265.35
0.9105 3245.83
0.9086 3316.81
0.9072 3314.75
0.9067 3343.46
0.9093 3269.98
0.9073 3338.36
0.9093 3309.88
0.909 3268.27
0.9102 3296.65
0.9088 3298.42
0.9093 3290.86
0.9103 3284.37
0.9083 3324.73
0.9107 3256.04
0.908 3284.79
0.9078 3266.09
0.9078 3275.72
0.9062 3359.74
0.9078 3318.69
0.91 3244.43
0.9115 3230.23
0.9116 3233.02
0.9091 3279.39
0.91 3252.92
0.9099 3257.66
0.9106 3250.08
0.9088 3264.87
0.9086 3245.53
0.9096 3235.61
0.9061 3317.46
0.9067 3322.98
0.9096 3275.11
0.9112 3255.13
0.9105 3271.6
0.9101 3222.3
0.9094 3232.37
0.9081 3273.12
0.9101 3247.47
0.91 3249.41
0.9107 3212.79
0.9101 3217.01
0.9107 3213.23
0.91 3240.74
0.9089 3271.55
0.9078 3282.59
0.9098 3236.12
0.908 3263.9
0.9101 3222.77
0.912 3203.44
0.9081 3276.65
0.91 3220.84
0.9116 3221.89
0.9107 3226.8
0.907 3315.63
0.9092 3254.83
0.9089 3255.38
0.9088 3247.24
0.9105 3221.74
0.9107 3213.19
0.9094 3251.38
0.9127 3179.57
0.9121 3209.44
0.9109 3199.84
0.9078 3268.36
0.9095 3256.6
0.9114 3220.42
0.9107 3220.15
0.91 3206.75
0.9112 3186.7
0.91 3205.62
0.9126 3211.51
0.9085 3275.91
0.9106 3253.64
0.9078 3296.97
0.9072 3307.44
0.9077 3273.0
0.9082 3263.51
0.9089 3250.61
0.9117 3190.46
0.9114 3187.9
0.9108 3195.48
0.9103 3212.5
0.909 3195.93
0.9097 3188.36
0.9106 3180.85
0.9104 3233.54
0.911 3207.22
0.9111 3224.69
0.9119 3173.29
0.9126 3168.06
0.9131 3175.16
0.9114 3218.03
0.9112 3233.47
0.9112 3242.43
0.9107 3242.91
0.9107 3193.38
0.9112 3189.42
0.9119 3197.79
0.9092 3251.77
0.9076 3280.83
0.9105 3217.92
0.904 3361.67
0.9051 3342.4
0.9147 3192.73
0.914 3168.72
0.9134 3152.01
0.9131 3173.63
0.913 3169.02
0.9133 3178.82
0.9125 3202.58
0.9129 3216.81
0.9143 3164.7
0.9117 3223.59
0.911 3195.76
0.9127 3156.09
0.9133 3191.15
0.9128 3155.66
0.9129 3165.9
0.912 3161.37
0.9099 3232.93
0.9127 3162.61
0.9131 3139.21
0.9113 3180.52
0.9114 3161.87
0.9128 3163.95
0.9131 3170.86
0.9134 3156.0
0.9126 3170.36
0.9116 3168.57
0.9109 3202.98
0.9104 3192.4
0.9121 3145.88
0.9138 3135.1
0.9135 3143.94
0.913 3175.16
0.9143 3129.67
0.912 3160.06
0.9105 3192.17
0.912 3162.02
0.9118 3179.87
0.9129 3146.87
0.9155 3119.57
0.9158 3123.34
0.9143 3128.71
0.9141 3140.42
0.9123 3135.15
0.9145 3118.26
0.9151 3115.4
0.9126 3112.77
0.9142 3106.4
0.9135 3111.66
0.9117 3161.66
0.9113 3121.71
0.9118 3117.2
0.9127 3101.75
0.9139 3089.8
0.9131 3128.98
0.9118 3130.16
0.9117 3120.16
0.9145 3085.32
0.9103 3165.05
0.91 3120.3
0.9109 3129.93
0.9091 3180.57
0.91 3156.48
0.9102 3141.19
0.9112 3140.17
0.9113 3160.96
0.9119 3138.69
0.9094 3184.44
0.9091 3208.4
0.911 3150.21
0.9116 3178.07
0.9143 3125.33
0.9105 3171.04
0.9096 3167.94
0.9146 3118.89
0.9114 3152.84
0.9103 3171.46
0.9103 3188.85
0.9118 3130.94
0.913 3091.07
0.9099 3135.98
0.9095 3142.82
0.9098 3140.72
0.9097 3142.51
0.9109 3128.08
0.9124 3115.23
0.9125 3113.11
0.9123 3126.56
0.9146 3115.4
0.9144 3098.56
0.9129 3102.58
0.9133 3103.24
0.9139 3097.04
0.9123 3153.05
0.9116 3187.77
0.9127 3117.47
0.9135 3106.88
0.9143 3104.59
0.9158 3105.62
0.9136 3147.84
0.9146 3091.37
0.9127 3098.52
0.9128 3107.12
0.9116 3124.41
0.9144 3100.36
0.9128 3087.59
0.9112 3120.07
0.9154 3075.69
0.9139 3098.94
0.9127 3115.32
0.9118 3118.84
0.9133 3138.5
0.9133 3100.55
0.9114 3120.06
0.9138 3094.1
0.9143 3090.62
0.9136 3129.88
0.9111 3149.12
0.9119 3127.79
0.9113 3123.48
0.9103 3155.97
0.9113 3123.51
0.9111 3117.68
0.9123 3113.94
0.9122 3103.67
0.9104 3173.47
0.911 3133.44
0.9123 3113.07
0.9115 3122.36
0.9132 3091.72
0.9111 3131.69
0.9082 3194.79
0.9113 3135.77
0.9117 3113.21
0.9129 3131.41
0.9147 3108.81
0.9143 3089.76
0.9135 3090.69
0.9141 3131.18
0.915 3143.14
0.9146 3149.34
0.911 3175.56
0.9122 3136.54
0.914 3074.98
0.9129 3096.08
0.9132 3099.31
0.9142 3098.97
0.9151 3097.22
0.9146 3106.34
0.9143 3084.2
0.9128 3124.53
0.9132 3121.22
0.9137 3113.98
0.9111 3128.47
0.9119 3113.06
0.9125 3114.28
0.9116 3130.84
0.9132 3106.7
0.9131 3092.61
0.9143 3091.72
0.9156 3073.9
0.9151 3073.2
0.9148 3085.11
0.9158 3091.56
0.9131 3110.17
0.9136 3097.58
0.9136 3079.08
0.9145 3063.08
0.9149 3058.82
0.9149 3057.98
0.9122 3074.71
0.9108 3120.06
0.9106 3126.63
0.9114 3104.35
0.9117 3104.37
0.9134 3109.4
0.9136 3079.45
0.9118 3119.05
0.9105 3172.69
0.9109 3152.26
0.9113 3142.58
0.9129 3109.62
0.9154 3092.11
0.9135 3086.69
0.9142 3066.68
0.9123 3080.32
0.9123 3093.26
0.9116 3132.35
0.9108 3125.6
0.9134 3084.81
0.9138 3058.56
0.9148 3066.06
0.9148 3078.49
0.9125 3113.41
0.9142 3068.9
0.9151 3052.29
0.9157 3050.44
0.9153 3067.42
0.9141 3073.57
0.9142 3048.77
0.915 3042.95
0.9149 3053.86
0.9155 3027.88
0.914 3033.0
0.9145 3071.0
0.9147 3049.17
0.9142 3069.71
0.9126 3094.71
0.9156 3053.71
0.9151 3054.74
0.9145 3070.77
0.9145 3108.94
0.9132 3111.65
0.9141 3101.0
0.915 3038.27
0.9158 3040.33
0.9158 3070.03
0.9154 3083.8
0.9158 3042.24
0.9156 3019.51
0.9148 3045.07
0.9147 3050.54
0.9141 3113.71
0.9132 3094.08
0.9144 3083.1
0.9137 3103.98
0.9128 3115.87
0.914 3077.07
0.9143 3074.79
0.9129 3079.16
0.913 3069.26
0.9142 3054.0
0.9127 3070.08
0.9141 3071.6
0.9148 3054.06
0.9136 3057.65
0.9169 3029.02
0.914 3058.54
0.9153 3031.5
0.9161 3034.31
0.9152 3045.88
0.9128 3082.29
0.9144 3039.23
0.9141 3050.36
0.9121 3079.78
0.9141 3031.37
0.9118 3086.88
0.9147 3031.18
0.9142 3043.24
0.9123 3101.29
0.9149 3044.75
0.9157 3026.55
0.915 3007.53
0.9161 3000.54
0.916 3007.38
0.9157 3027.96
0.9153 3043.69
0.9141 3080.29
0.9138 3075.92
0.9136 3082.8
0.9155 3035.69
0.9145 3045.7
0.916 3016.62
0.9154 3031.88
0.9154 3037.98
0.9145 3087.06
0.9163 3063.18
0.917 3021.96
0.9158 3012.84
0.9149 3036.09
0.9163 3022.57
0.9155 3008.09
0.9161 3007.07
0.9158 3034.18
0.9167 3025.68
0.9152 3003.73
0.9164 3005.53
0.9176 3012.62
0.9174 3019.76
0.9166 3027.61
0.9155 3008.35
0.9156 3003.42
0.9137 3025.98
0.9152 3009.08
0.9162 3005.61
0.9167 3007.5
0.9141 3043.34
0.9161 3019.65
0.914 3054.02
0.9113 3078.78
0.9124 3058.56
0.9124 3098.41
0.9128 3048.26
0.9155 3025.98
0.9151 3018.97
0.9163 2989.76
0.9156 2992.88
0.917 2996.21
0.9143 3038.57
0.9148 3025.38
0.9152 3025.2
0.9168 3009.71
0.9153 2991.84
0.9146 3021.54
0.9129 3044.75
0.9146 3051.75
0.9155 2985.71
0.9146 2989.84
0.9158 2978.36
0.9163 2979.58
0.9154 2973.5
0.9154 2973.27
0.9149 2998.97
0.9161 2969.8
0.9165 2964.44
0.9159 2975.09
0.9145 2996.43
0.9137 3006.25
0.9118 3046.28
0.9122 3039.15
0.9137 3017.2
0.9087 3120.57
0.9143 3022.32
0.9138 3024.78
0.9145 3013.75
0.9168 2970.38
0.9167 2965.13
0.9163 2983.52
0.917 2986.25
0.916 2977.02
0.9135 3015.98
0.9136 3039.83
0.9152 3012.58
0.9153 3008.81
0.9151 3015.02
0.9161 3012.16
0.9151 3015.48
0.9136 3034.84
0.9148 2999.43
0.9162 2974.14
0.9163 2965.81
0.9148 2972.69
0.915 2986.96
0.913 3021.9
0.9158 2982.59
0.9141 3012.2
0.9149 2992.18
0.9158 2989.64
0.9157 2979.91
0.9158 2988.9
0.9143 3050.14
0.9157 2990.26
0.915 3024.82
0.9151 3023.56
0.9131 3055.6
0.9164 2976.14
0.9159 2973.41
0.9159 2984.11
0.9153 2982.19
0.9164 2985.36
0.9165 2994.92
0.9155 3010.02
0.9156 3011.9
0.9157 2985.39
0.9182 2968.96
0.9169 2980.08
0.9175 2955.87
0.9158 2991.32
0.9176 3001.47
0.9168 2996.89
0.9171 2966.5
0.9166 2989.4
0.916 2977.35
0.9155 3002.14
0.9169 2979.63
0.9179 2949.83
0.9184 2950.75
0.9172 2963.18
0.9162 2958.48
0.9169 2941.8
0.916 2977.05
0.9147 2981.23
0.9179 2964.34
0.9151 2986.03
0.9153 3011.84
0.9168 2976.92
0.9159 2986.91
0.9167 2980.68
0.9181 3018.85
0.9146 3090.23
0.9183 3002.09
0.9123 3101.61
0.9161 2999.47
0.9146 2999.67
0.9185 2975.75
0.9159 2987.49
0.9147 2984.97
0.9156 2986.21
0.9174 2989.39
0.9168 2975.57
0.9184 2989.17
0.9176 2950.65
0.9166 2948.9
0.9165 2946.19
0.918 2936.39
0.9191 2934.12
0.918 2963.06
0.9169 3002.26
0.9188 2970.77
0.9187 2972.92
0.9181 2974.22
0.916 2955.41
0.9151 2974.93
0.9162 2961.21
0.919 2944.3
0.9184 2960.67
0.9172 2947.65
0.9172 2995.66
0.9181 2972.29
0.9184 2967.08
0.9177 2957.12
0.9165 2969.29
0.9157 2998.47
0.9185 2958.02
0.9179 2962.06
0.9181 2957.58
0.9186 2944.64
0.9165 2944.7
0.9165 2949.98
0.9167 2967.28
0.9162 3008.38
0.9174 2950.92
0.9181 2966.9
0.9175 2956.19
0.9161 2961.19
0.9179 2936.76
0.9172 2957.23
0.9147 3007.02
0.9173 2987.7
0.9178 2962.61
0.919 2945.36
0.9167 2983.06
0.9183 2969.82
0.9199 2943.18
0.918 2965.83
0.9181 2972.53
0.9172 3010.11
0.918 2974.68
0.9178 2954.84
0.9191 2935.28
0.9165 3013.86
0.9171 2963.11
0.9172 2964.32
0.9178 2945.32
0.919 2943.42
0.9172 2993.57
0.9182 2958.71
0.9188 2957.85
0.9183 2953.0
0.9185 2956.2
0.9191 2965.65
0.9177 3010.92
0.9183 2985.59
0.9184 2979.61
0.9188 2968.83
0.9186 2966.13
0.9172 2954.89
0.9177 2963.02
0.9164 2973.88
0.9177 2952.93
0.916 3031.1
0.9157 3016.6
0.916 3006.53
0.915 3031.42
0.9135 3019.25
0.915 2985.0
0.9161 2956.52
0.9166 2949.33
0.9182 2931.03
0.917 2939.49
0.9152 2957.12
0.9157 2960.35
0.9148 3023.7
0.9167 2963.16
0.9165 2995.97
0.916 2980.56
0.9162 2971.79
0.9168 2961.7
0.9175 2955.12
0.9176 2967.49
0.9181 2952.74
0.9177 2956.93
0.9163 2976.57
0.9159 2956.31
0.9176 2954.32
0.9175 2963.96
0.918 2948.41
0.9167 2953.65
0.9167 2950.23
