Extracting MNIST_data/train-images-idx3-ubyte.gz
Extracting MNIST_data/train-labels-idx1-ubyte.gz
Extracting MNIST_data/t10k-images-idx3-ubyte.gz
Extracting MNIST_data/t10k-labels-idx1-ubyte.gz
0.1975 22813.9
0.1941 21606.9
0.216 20572.6
0.3326 19302.8
0.4685 18018.1
0.614 16904.4
0.6833 15970.1
0.6653 15165.9
0.6642 14377.5
0.6726 13620.8
0.6721 12983.8
0.6759 12445.7
0.6945 11931.5
0.7185 11452.6
0.7358 11010.8
0.7535 10536.5
0.7667 10127.2
0.7783 9755.87
0.7895 9384.06
0.8014 9017.08
0.8098 8686.6
0.8199 8383.86
0.8299 8144.36
0.836 7952.63
0.8389 7801.16
0.8391 7638.43
0.8345 7479.93
0.8341 7310.61
0.8343 7135.86
0.8325 6966.89
0.8343 6796.5
0.8394 6642.7
0.8432 6509.81
0.8442 6412.51
0.841 6303.26
0.8397 6184.81
0.8409 6073.4
0.8448 5962.98
0.8448 5893.13
0.8506 5782.02
0.8562 5654.37
0.8626 5548.4
0.867 5454.56
0.8703 5381.6
0.8711 5321.59
0.8728 5247.77
0.8725 5190.02
0.8726 5153.84
0.8723 5121.03
0.8731 5088.69
0.8754 5042.64
0.8775 4975.38
0.88 4900.96
0.8812 4815.31
0.8824 4758.96
0.8829 4738.43
0.8809 4736.31
0.8786 4750.29
0.8766 4777.24
0.8741 4792.42
0.876 4726.53
0.8805 4638.89
0.8831 4548.24
0.8832 4484.44
0.8846 4420.96
0.8863 4372.64
0.8884 4323.94
0.8891 4288.74
0.8915 4265.21
0.8915 4253.37
0.8909 4238.09
0.8913 4208.6
0.8928 4173.91
0.8929 4132.69
0.8933 4109.8
0.8936 4110.95
0.8926 4121.98
0.8916 4126.92
0.891 4120.92
0.8903 4107.24
0.8915 4083.17
0.8915 4061.2
0.8935 4032.25
0.8945 3990.12
0.8965 3956.01
0.8964 3951.83
0.8942 3962.38
0.8909 3977.16
0.8895 3977.95
0.8901 3953.66
0.8923 3900.02
0.8953 3859.98
0.8976 3819.86
0.8999 3776.51
0.9 3757.6
0.8995 3753.61
0.8993 3777.3
0.8984 3790.62
0.8986 3760.61
0.8995 3726.71
0.8997 3679.41
0.9007 3649.36
0.9016 3634.95
0.9023 3633.9
0.9001 3650.64
0.8976 3675.42
0.8955 3693.21
0.8952 3698.88
0.8947 3689.16
0.8964 3669.14
0.9 3603.73
0.9014 3533.42
0.9038 3476.68
0.9057 3442.33
0.9066 3433.68
0.9049 3455.18
0.9043 3468.47
0.9054 3459.84
0.9068 3423.07
0.908 3402.77
0.9078 3390.53
0.9067 3391.74
0.905 3410.66
0.903 3453.05
0.9011 3478.24
0.8997 3511.88
0.9011 3489.69
0.9032 3438.88
0.9057 3398.02
0.9069 3371.79
0.9078 3369.74
0.9072 3374.58
0.9077 3369.82
0.9076 3349.22
0.9076 3340.39
0.9079 3331.64
0.9095 3315.19
0.9093 3315.23
0.9097 3288.24
0.9103 3259.31
0.9106 3232.61
0.9107 3221.34
0.9102 3227.06
0.9089 3235.59
0.9077 3254.11
0.9069 3262.86
0.9044 3291.04
0.9004 3345.33
0.9004 3373.04
0.9008 3374.34
0.905 3295.86
0.9084 3211.67
0.9096 3137.82
0.9117 3101.14
0.9121 3085.88
0.9123 3111.43
0.9106 3146.58
0.9097 3160.64
0.9103 3160.49
0.9095 3180.14
0.9109 3171.26
0.912 3163.48
0.9118 3147.87
0.9128 3104.26
0.9143 3065.68
0.9149 3033.57
0.9167 3010.69
0.916 3004.54
0.9153 3004.57
0.9153 3001.9
0.9157 2994.41
0.9166 2991.75
0.9152 3002.32
0.9151 3011.29
0.9143 3016.66
0.9151 3004.84
0.9174 2982.57
0.9174 2961.4
0.9169 2950.3
0.9183 2940.13
0.9179 2933.36
0.9178 2925.45
0.9161 2931.72
0.9147 2942.4
0.9141 2960.13
0.9137 2985.74
0.9135 2995.86
0.9132 2993.14
0.9132 2981.7
0.9141 2973.29
0.9149 2968.93
0.9147 2989.59
0.9133 3007.3
0.9123 3019.52
0.9121 2994.32
0.9136 2957.01
0.9145 2924.7
0.9158 2897.6
0.9167 2875.43
0.9165 2869.37
0.9175 2871.71
0.9172 2877.28
0.9175 2877.91
0.9174 2890.83
0.9173 2896.22
0.9181 2879.77
0.9187 2859.22
0.9191 2835.75
0.9194 2802.85
0.9198 2779.25
0.9195 2760.61
0.9184 2758.94
0.9171 2775.22
0.9172 2775.44
0.9174 2776.34
0.9179 2770.36
0.9186 2763.46
0.9184 2757.38
0.9189 2739.2
0.92 2717.86
0.9209 2703.27
0.9211 2707.03
0.9217 2722.65
0.9216 2745.44
0.9202 2764.95
0.9198 2774.07
0.9195 2778.27
0.919 2783.61
0.9204 2755.92
0.9215 2726.33
0.9214 2700.61
0.9219 2682.87
0.9223 2662.9
0.9222 2651.88
0.9226 2658.53
0.9227 2668.14
0.9217 2681.09
0.9212 2690.59
0.9204 2711.13
0.9195 2723.83
0.9212 2704.41
0.9232 2682.43
0.9229 2668.58
0.9241 2642.36
0.9233 2638.34
0.922 2659.75
0.9207 2703.1
0.9193 2732.84
0.9195 2736.94
0.9204 2715.58
0.9225 2679.03
0.9232 2652.77
0.9236 2632.57
0.9245 2602.72
0.9261 2575.47
0.9261 2565.07
0.9263 2565.21
0.9262 2568.11
0.9265 2585.22
0.9241 2616.17
0.9235 2627.05
0.9252 2613.98
0.9269 2589.6
0.928 2575.7
0.9275 2568.17
0.9271 2569.71
0.9269 2570.51
0.9277 2559.89
0.9278 2540.8
0.9285 2520.5
0.9278 2513.22
0.9266 2523.71
0.9266 2523.96
0.927 2519.31
0.9272 2525.81
0.9266 2543.53
0.9265 2554.29
0.9268 2555.36
0.9271 2560.13
0.9254 2565.37
0.9245 2581.64
0.9251 2557.75
0.9263 2538.73
0.9287 2513.01
0.9291 2502.3
0.9293 2511.13
0.9289 2534.44
0.9267 2560.76
0.9255 2592.18
0.9259 2593.55
0.9259 2572.75
0.926 2562.7
0.9254 2563.39
0.924 2566.4
0.9256 2536.77
0.9262 2510.2
0.9263 2489.65
0.9263 2478.93
0.9255 2486.64
0.925 2509.91
0.924 2538.54
0.924 2540.17
0.9237 2552.04
0.9235 2554.93
0.9246 2539.93
0.9251 2521.07
0.926 2496.3
0.9257 2473.14
0.9272 2454.43
0.9275 2440.77
0.9277 2443.47
0.9274 2446.41
0.928 2451.51
0.9283 2459.2
0.9281 2463.95
0.928 2473.01
0.9287 2473.31
0.9295 2453.98
0.9287 2429.6
0.9298 2411.33
0.9296 2408.69
0.9299 2409.66
0.9304 2430.99
0.9288 2463.88
0.927 2494.63
0.9263 2517.41
0.926 2521.95
0.9254 2522.48
0.9256 2512.17
0.9273 2500.34
0.9285 2479.49
0.9295 2455.07
0.9302 2447.44
0.9298 2446.96
0.9299 2453.61
0.93 2464.77
0.9284 2490.44
0.9281 2496.55
0.9275 2491.33
0.9281 2468.2
0.9294 2425.07
0.9298 2388.16
0.9305 2359.41
0.9314 2337.5
0.9315 2333.17
0.9323 2340.0
0.9323 2350.45
0.9312 2371.37
0.9312 2376.12
0.9318 2366.78
0.932 2355.25
0.9331 2332.55
0.9331 2326.28
0.9335 2310.86
0.935 2288.81
0.9339 2294.38
0.9331 2301.39
0.9332 2300.01
0.9326 2302.46
0.9331 2309.85
0.934 2309.32
0.9343 2314.78
0.934 2310.13
0.9346 2320.24
0.9333 2338.11
0.9332 2336.81
0.9329 2341.0
0.9322 2356.52
0.932 2355.86
0.9319 2353.91
0.9318 2356.46
0.931 2353.3
0.929 2361.5
0.93 2370.54
0.9287 2382.37
0.9284 2383.89
0.928 2373.9
0.9297 2345.13
0.9305 2312.33
0.9316 2290.87
0.9324 2283.37
0.931 2299.57
0.9295 2323.79
0.929 2340.1
0.9284 2333.99
0.9303 2303.83
0.9318 2274.15
0.9326 2273.15
0.9321 2297.48
0.9311 2329.72
0.9307 2357.43
0.9316 2372.62
0.9311 2378.56
0.931 2360.23
0.9322 2323.25
0.9343 2290.26
0.9357 2268.05
0.9355 2269.21
0.9352 2285.23
0.9342 2301.73
0.9339 2288.06
0.9354 2261.99
0.9361 2223.31
0.9362 2187.8
0.9374 2161.74
0.9378 2155.81
0.9364 2171.76
0.9347 2200.48
0.9344 2227.99
0.9331 2261.83
0.9332 2270.85
0.9344 2254.52
0.935 2222.87
0.9355 2200.44
0.9335 2209.76
0.9325 2204.56
0.9331 2190.16
0.9352 2170.44
0.9355 2176.83
0.9358 2183.88
0.936 2190.32
0.9357 2194.36
0.9358 2190.26
0.9355 2189.73
0.9352 2183.25
0.9361 2175.08
0.936 2171.43
0.9361 2177.5
0.936 2174.89
0.9376 2150.53
0.9376 2135.5
0.9385 2117.9
0.9392 2111.74
0.939 2108.79
0.9391 2098.29
0.9398 2094.75
0.9387 2097.95
0.9383 2101.35
0.9384 2107.8
0.9385 2110.69
0.9397 2100.5
0.9387 2091.19
0.9386 2083.29
0.9372 2077.3
0.9371 2078.55
0.9378 2082.89
0.9384 2083.35
0.9389 2084.29
0.9381 2096.53
0.9379 2108.8
0.9373 2115.21
0.9365 2131.28
0.9364 2142.76
0.935 2140.65
0.9355 2124.64
0.9363 2107.19
0.9368 2102.66
0.9373 2095.66
0.9376 2091.02
0.9384 2084.65
0.9395 2068.5
0.94 2057.08
0.9411 2056.0
0.9402 2065.25
0.9402 2090.37
0.9382 2122.31
0.9372 2144.34
0.9369 2148.46
0.9357 2147.07
0.9359 2139.84
0.9365 2123.0
0.9374 2094.87
0.9375 2081.53
0.9377 2069.5
0.9392 2060.8
0.9395 2055.91
0.9384 2067.66
0.9384 2080.33
0.9372 2104.14
0.9359 2128.06
0.9351 2141.71
0.9343 2162.66
0.9346 2161.37
0.9357 2141.88
0.9382 2098.18
0.9389 2075.11
0.938 2062.5
0.9398 2040.83
0.9409 2018.27
0.941 2022.06
0.9413 2038.4
0.9403 2059.28
0.9398 2068.38
0.9399 2061.4
0.9396 2053.05
0.9397 2044.62
0.9404 2034.47
0.9413 2023.55
0.9423 2009.68
0.9426 2001.02
0.9417 2006.21
0.9414 2022.67
0.9387 2063.46
0.9365 2108.42
0.9347 2164.3
0.9329 2179.52
0.9333 2173.41
0.9336 2151.21
0.9349 2106.49
0.9363 2076.09
0.9378 2075.2
0.9363 2079.44
0.9373 2089.81
0.9375 2105.77
0.9367 2113.48
0.937 2127.79
0.9373 2136.36
0.9377 2134.77
0.9376 2109.23
0.9386 2082.91
0.9394 2064.09
0.939 2058.93
0.9386 2067.07
0.9381 2066.85
0.9384 2051.08
0.9395 2041.91
0.9388 2041.55
0.9383 2037.93
0.938 2023.22
0.9385 2009.57
0.9389 1990.86
0.94 1979.0
0.9415 1984.3
0.9415 1998.53
0.9406 1999.98
0.9399 2005.15
0.9406 1989.75
0.941 1975.37
0.9412 1962.89
0.9413 1956.88
0.9412 1958.99
0.9412 1969.14
0.9409 1976.9
0.9406 1982.06
0.9401 1995.71
0.9392 1993.47
0.9403 1983.48
0.9403 1963.39
0.9407 1942.22
0.9409 1934.89
0.9404 1929.94
0.9407 1924.74
0.9413 1923.13
0.9414 1921.85
0.9421 1923.4
0.9435 1914.56
0.9436 1904.36
0.9439 1906.06
0.9436 1910.23
0.9429 1917.2
0.9424 1933.17
0.943 1953.0
0.9436 1966.74
0.9428 1973.47
0.9421 1983.17
0.9422 1966.64
0.9426 1946.86
0.9424 1924.44
0.9422 1915.38
0.9432 1911.24
0.9428 1924.71
0.9426 1945.33
0.9421 1973.07
0.9408 1989.69
0.9405 2004.4
0.94 2010.47
0.9404 2002.63
0.9422 1976.14
0.9428 1942.58
0.944 1920.08
0.9451 1911.25
0.945 1918.21
0.9433 1933.85
0.9436 1933.18
0.9445 1931.93
0.9437 1943.35
0.9431 1957.44
0.9423 1962.6
0.9427 1962.44
0.9423 1966.36
0.9413 1960.53
0.9413 1960.77
0.9411 1953.9
0.9419 1937.23
0.9432 1900.98
0.9432 1875.62
0.9436 1866.44
0.9432 1874.61
0.9437 1875.72
0.9437 1881.27
0.9433 1887.56
0.9429 1888.68
0.9432 1901.47
0.9428 1916.18
0.9428 1923.23
0.9425 1920.31
0.9434 1896.74
0.9438 1875.07
0.9451 1854.87
0.9458 1840.93
0.9456 1838.57
0.945 1843.28
0.9445 1852.3
0.9437 1866.91
0.9441 1869.19
0.9436 1869.64
0.9438 1870.19
0.9433 1883.23
0.9423 1892.0
0.9435 1894.89
0.9437 1886.28
0.9444 1878.33
0.9444 1876.75
0.9454 1870.63
0.945 1868.55
0.9457 1864.66
0.946 1859.58
0.9458 1870.33
0.9453 1890.8
0.9453 1908.02
0.9428 1936.67
0.9422 1945.27
0.9441 1917.19
0.9464 1879.51
0.9464 1849.99
0.9474 1829.4
0.9471 1817.95
0.9463 1816.21
0.9453 1819.8
0.9456 1822.57
0.9462 1816.17
0.9467 1810.93
0.9464 1807.56
0.9451 1798.54
0.9453 1797.86
0.9461 1796.19
0.9467 1798.15
0.9465 1808.84
0.946 1818.48
0.946 1823.69
0.9455 1831.52
0.9459 1825.05
0.9456 1819.01
0.9457 1806.23
0.9466 1790.07
0.947 1784.14
0.947 1790.41
0.9468 1802.78
0.9465 1802.66
0.9463 1797.26
0.9463 1797.41
0.9471 1791.44
0.9468 1783.63
0.9463 1784.97
0.9455 1801.48
0.9454 1819.97
0.9449 1835.01
0.9441 1839.46
0.9441 1821.35
0.9442 1804.94
0.9451 1784.68
0.9464 1767.34
0.9475 1751.01
0.9478 1741.3
0.9487 1741.55
0.9487 1744.33
0.948 1753.8
0.9477 1758.41
0.9483 1756.11
0.9486 1751.87
0.9489 1751.26
0.9486 1753.33
0.9485 1755.55
0.9487 1759.24
0.9487 1763.08
0.9487 1772.17
0.9485 1769.88
0.9487 1764.21
0.9492 1756.58
0.9488 1752.57
0.9489 1755.72
0.9482 1761.84
0.9479 1764.33
0.9484 1751.24
0.9486 1736.56
0.9494 1724.17
0.95 1712.17
0.9491 1705.23
0.9492 1710.73
0.9491 1720.58
0.9488 1727.06
0.9486 1730.15
0.9482 1734.88
0.9484 1739.58
0.9484 1740.89
0.949 1735.46
0.9493 1731.18
0.9489 1730.7
0.9497 1729.31
0.9494 1735.14
0.949 1772.69
0.9458 1844.92
0.9426 1925.14
0.9417 1960.28
0.9405 1967.7
0.9401 1957.65
0.941 1885.37
0.943 1813.71
0.9456 1757.13
0.9476 1722.75
0.9482 1704.18
0.9493 1697.13
0.9491 1712.94
0.9479 1743.5
0.9472 1755.18
0.9471 1755.01
0.9479 1752.41
0.9486 1739.21
0.9496 1726.46
0.9508 1711.0
0.952 1694.86
0.9528 1691.22
0.9526 1698.5
0.9517 1711.07
0.9497 1738.57
0.9488 1758.12
0.9485 1784.37
0.9472 1791.88
0.9474 1786.99
0.948 1786.79
0.9478 1765.69
0.9486 1741.83
0.9494 1727.49
0.9495 1703.44
0.9496 1691.56
0.9506 1687.55
0.9506 1690.87
0.9514 1691.09
0.9508 1689.2
0.9505 1685.72
0.9504 1686.23
0.9503 1678.7
0.9505 1671.52
0.9499 1672.94
0.95 1676.3
0.9491 1688.28
0.9491 1688.5
0.9497 1687.47
0.9495 1677.85
0.9504 1657.65
0.9511 1637.52
0.9521 1618.06
0.9529 1606.56
0.9533 1600.97
0.9537 1601.75
0.9531 1601.93
0.9528 1611.03
0.9529 1627.55
0.952 1640.44
0.9522 1652.0
0.9517 1658.35
0.9518 1659.36
0.9514 1652.46
0.9513 1638.69
0.9515 1630.38
0.9517 1642.38
0.9501 1672.17
0.9492 1704.55
0.948 1714.51
0.9491 1695.08
0.9504 1661.76
0.9524 1626.51
0.9523 1605.85
0.9526 1598.92
0.9526 1601.55
0.9524 1607.5
0.9517 1622.9
0.9515 1631.99
0.9506 1641.89
0.9514 1647.36
0.9515 1642.9
0.952 1647.34
0.9518 1656.94
0.9531 1656.89
0.9532 1668.98
0.9528 1686.86
0.9521 1687.09
0.952 1686.51
0.9526 1675.68
0.9531 1660.92
0.9536 1658.46
0.9532 1669.01
0.9523 1688.42
0.9511 1716.34
0.9491 1752.69
0.9491 1781.93
0.9474 1811.84
0.9467 1816.42
0.9465 1812.55
0.9466 1797.88
0.9484 1764.56
0.9486 1731.26
0.949 1701.78
0.9502 1675.35
0.9509 1650.2
0.9522 1626.25
0.9526 1606.64
0.9526 1596.58
0.9526 1591.54
0.9533 1591.2
0.9539 1588.51
0.9529 1593.5
0.9522 1595.43
0.9522 1601.39
0.9527 1606.92
0.9531 1611.09
0.9528 1619.75
0.953 1622.18
0.9534 1620.45
0.9532 1622.22
0.9525 1624.68
0.9534 1621.52
0.9531 1619.45
0.953 1617.77
0.9538 1619.12
0.9539 1620.0
0.9532 1622.45
0.9532 1615.75
0.9535 1604.05
0.9542 1593.96
0.9538 1582.91
0.9537 1573.46
0.9535 1567.2
0.9533 1571.41
0.9521 1586.46
0.9515 1592.24
0.9512 1600.35
0.9512 1584.8
0.9521 1572.17
0.9529 1557.46
0.9534 1553.47
0.9533 1555.07
0.9524 1561.24
0.9533 1555.19
0.9537 1549.64
0.9535 1542.93
0.9538 1531.71
0.9534 1528.06
0.9531 1529.41
0.9529 1531.52
0.9534 1536.98
0.9527 1542.04
0.9536 1542.19
0.9543 1540.78
0.9534 1542.89
0.9534 1544.88
0.9535 1558.48
0.9536 1569.61
0.9528 1579.33
0.9518 1594.59
0.9529 1582.57
0.9537 1572.28
0.955 1547.01
0.9564 1519.55
0.9558 1504.2
0.9566 1489.25
0.9558 1487.02
0.9553 1496.24
0.9551 1512.03
0.9545 1526.16
0.9542 1535.0
0.9533 1543.22
0.9531 1537.27
0.9536 1528.86
0.9539 1523.79
0.9537 1513.84
0.9547 1503.23
0.9553 1504.29
0.9558 1499.39
0.9551 1501.93
0.9556 1498.82
0.9557 1502.19
0.9552 1510.73
0.9555 1522.71
0.9564 1538.54
0.9562 1552.64
0.9565 1561.57
0.9562 1559.05
0.9554 1540.83
0.9557 1523.92
0.9555 1519.63
0.9546 1526.09
0.9532 1537.79
0.9522 1549.64
0.9514 1566.47
0.9506 1580.52
0.951 1584.07
0.9513 1585.54
0.9519 1586.76
0.9511 1583.37
0.9507 1583.2
0.9505 1578.19
0.9518 1557.49
0.9532 1536.12
0.9539 1525.87
0.9548 1505.66
0.9558 1487.87
0.9567 1473.9
0.9568 1463.9
0.9574 1453.45
0.9577 1451.27
0.958 1452.64
0.9582 1458.56
0.9583 1471.63
0.9575 1473.71
0.9579 1476.33
0.9571 1481.05
0.9571 1486.79
0.9564 1491.56
0.9557 1497.24
0.9552 1504.2
0.9544 1499.14
0.9554 1486.62
0.9555 1467.11
0.9557 1464.27
0.9554 1477.86
0.9556 1489.4
0.9551 1494.15
0.9557 1494.53
0.9556 1490.58
0.9554 1481.36
0.9559 1472.3
0.9562 1467.58
0.9552 1465.48
0.9557 1459.66
0.9556 1460.54
0.9558 1463.16
0.956 1462.11
0.9565 1457.22
0.9559 1453.51
0.9558 1449.57
0.956 1450.41
0.9567 1454.7
0.9562 1463.16
0.9565 1461.5
0.9567 1457.71
0.9568 1448.22
0.9568 1438.64
0.9567 1432.9
0.9571 1430.6
0.9572 1432.17
0.9566 1432.1
0.9567 1427.85
0.957 1422.99
0.957 1421.74
0.9577 1419.98
0.9577 1422.07
0.9568 1430.17
0.9564 1437.59
0.9559 1443.68
0.9555 1451.78
0.9555 1451.0
0.9559 1446.56
0.956 1442.58
0.9565 1439.29
0.9569 1442.47
0.9571 1447.66
0.9569 1459.73
0.9567 1475.69
0.9564 1477.16
0.9565 1475.87
0.9562 1471.3
0.9565 1465.14
0.9568 1458.63
0.9575 1453.4
0.9573 1449.17
0.9572 1448.68
0.9569 1456.43
0.9568 1462.65
0.9564 1466.26
0.9561 1472.18
0.9555 1478.95
0.9561 1476.72
0.9559 1476.98
0.9565 1481.44
0.9555 1490.27
0.9551 1483.2
0.9551 1469.21
0.9552 1464.26
0.9552 1453.2
