Extracting MNIST_data/train-images-idx3-ubyte.gz
Extracting MNIST_data/train-labels-idx1-ubyte.gz
Extracting MNIST_data/t10k-images-idx3-ubyte.gz
Extracting MNIST_data/t10k-labels-idx1-ubyte.gz
0.2288 21669.4
0.4063 19094.4
0.5147 16893.5
0.6 14854.6
0.6663 12871.6
0.7237 11213.5
0.7692 9859.94
0.7843 8863.72
0.7805 8241.35
0.7844 7705.97
0.802 7085.05
0.8183 6469.97
0.8309 6022.99
0.833 5796.07
0.8338 5681.55
0.8343 5576.72
0.8414 5354.24
0.8491 5095.67
0.8584 4823.09
0.8605 4659.54
0.8603 4651.3
0.8543 4782.86
0.8515 4859.54
0.8534 4798.35
0.8601 4559.23
0.8745 4252.5
0.8813 4037.97
0.8844 3884.09
0.8824 3878.49
0.8814 3941.97
0.8783 4040.34
0.8734 4132.42
0.8761 4072.48
0.883 3904.47
0.8895 3735.05
0.8904 3635.79
0.8914 3594.79
0.8848 3709.6
0.8827 3765.49
0.885 3752.83
0.8862 3686.63
0.8904 3604.22
0.8942 3554.78
0.8959 3496.17
0.8984 3471.25
0.8983 3486.23
0.8979 3503.85
0.8969 3478.84
0.8992 3458.87
0.8986 3392.99
0.9021 3318.0
0.9057 3218.66
0.9065 3202.23
0.906 3212.34
0.9027 3265.78
0.9024 3274.47
0.9041 3215.36
0.9029 3214.06
0.9039 3219.29
0.9075 3132.54
0.9092 3069.99
0.91 3041.26
0.91 3074.69
0.9096 3079.17
0.9104 3040.34
0.9124 2971.91
0.9143 2925.53
0.9167 2907.91
0.9171 2873.81
0.9191 2848.95
0.9203 2844.25
0.9198 2893.06
0.9183 2958.07
0.9157 3012.93
0.9164 2982.06
0.9196 2910.81
0.9218 2799.9
0.9235 2715.15
0.923 2673.74
0.9212 2702.43
0.9172 2747.31
0.9177 2756.0
0.9161 2792.51
0.9164 2787.51
0.9188 2761.26
0.9203 2697.07
0.9214 2639.43
0.9209 2621.63
0.9197 2661.9
0.9196 2677.82
0.92 2653.79
0.9206 2655.02
0.9204 2721.06
0.9186 2786.57
0.9183 2816.1
0.9166 2817.33
0.9162 2799.61
0.9192 2726.4
0.9202 2701.53
0.9205 2638.49
0.9209 2621.25
0.9181 2681.84
0.9155 2793.1
0.9131 2924.37
0.9122 2953.24
0.9106 2934.96
0.9149 2864.93
0.9192 2733.15
0.9232 2654.22
0.9236 2610.55
0.9254 2551.23
0.9248 2579.84
0.9222 2629.79
0.9209 2667.99
0.9203 2692.99
0.9216 2678.07
0.9236 2606.73
0.9263 2537.62
0.9296 2442.28
0.9328 2372.83
0.9343 2341.94
0.933 2359.48
0.9322 2379.94
0.9312 2385.35
0.9308 2380.16
0.9296 2375.07
0.9296 2376.68
0.9301 2347.11
0.9308 2334.72
0.9284 2386.03
0.9259 2484.1
0.9224 2563.95
0.9216 2566.95
0.9224 2528.43
0.9276 2403.15
0.9314 2296.02
0.9339 2247.38
0.9362 2243.47
0.9361 2274.47
0.9342 2377.17
0.9324 2412.87
0.9321 2418.48
0.9321 2388.29
0.9328 2326.0
0.9349 2281.4
0.9361 2245.12
0.9361 2249.77
0.9333 2283.16
0.9311 2320.66
0.931 2340.65
0.9297 2373.04
0.9304 2350.84
0.9308 2335.43
0.9315 2337.71
0.9294 2328.41
0.9303 2312.0
0.9324 2301.62
0.9319 2291.4
0.9323 2271.36
0.9355 2200.09
0.9358 2159.21
0.9372 2135.79
0.9383 2120.35
0.9385 2094.0
0.9382 2087.55
0.9367 2124.67
0.9347 2180.65
0.9329 2216.26
0.9335 2208.6
0.933 2202.57
0.9341 2174.33
0.9351 2120.13
0.9371 2073.51
0.9383 2057.31
0.9395 2058.68
0.9389 2067.46
0.9389 2058.31
0.9388 2028.49
0.9405 2002.96
0.9412 1973.69
0.9423 1949.91
0.9421 1934.77
0.9417 1932.44
0.941 1937.78
0.9409 1957.52
0.9409 1982.67
0.9403 2015.68
0.939 2027.57
0.939 2036.22
0.9402 1999.75
0.94 1975.62
0.9398 1966.37
0.9414 1957.88
0.9407 1957.88
0.9391 1969.87
0.9381 1993.56
0.9377 2020.94
0.9372 2047.37
0.9381 2056.25
0.9378 2040.72
0.9391 1999.73
0.9391 1969.66
0.9414 1918.89
0.9434 1872.22
0.9453 1852.8
0.9464 1907.46
0.9443 1974.88
0.9436 2010.53
0.943 2032.6
0.942 2037.44
0.942 2003.18
0.942 1970.68
0.9435 1946.82
0.9434 1931.17
0.9436 1902.45
0.9455 1860.16
0.9464 1822.06
0.9468 1791.14
0.9471 1781.71
0.9474 1788.84
0.9457 1818.8
0.9438 1866.68
0.9421 1912.89
0.9416 1937.76
0.9428 1920.28
0.9451 1867.95
0.9462 1812.58
0.9478 1755.92
0.9486 1725.09
0.948 1734.81
0.9471 1774.23
0.9459 1819.24
0.9446 1845.88
0.9448 1858.67
0.9433 1878.96
0.9426 1886.78
0.9437 1876.56
0.9448 1841.58
0.9454 1810.95
0.9465 1793.46
0.9468 1791.29
0.9471 1772.32
0.9491 1738.88
0.9507 1715.67
0.9509 1704.29
0.9521 1696.95
0.9521 1697.74
0.9524 1691.87
0.9519 1678.93
0.9526 1666.14
0.9533 1659.49
0.9533 1653.39
0.9539 1649.28
0.9541 1637.71
0.9549 1620.54
0.9547 1600.14
0.9553 1589.31
0.9558 1574.08
0.9537 1587.91
0.9526 1621.96
0.9505 1665.62
0.9497 1664.56
0.9511 1629.31
0.952 1612.7
0.9522 1595.12
0.9515 1590.4
0.9543 1559.16
0.9534 1564.48
0.9516 1619.68
0.9485 1701.14
0.9462 1768.41
0.9444 1797.54
0.9443 1818.03
0.9439 1823.16
0.9453 1785.84
0.9482 1718.84
0.9496 1643.63
0.9521 1612.8
0.9506 1611.38
0.9504 1616.12
0.9493 1641.27
0.9494 1665.19
0.9491 1671.88
0.9511 1633.42
0.9515 1607.62
0.9519 1600.34
0.952 1615.95
0.9504 1649.42
0.9504 1671.27
0.9499 1695.26
0.9499 1699.95
0.9493 1724.24
0.9492 1742.87
0.948 1742.73
0.9497 1716.09
0.9513 1663.94
0.9524 1611.72
0.9529 1579.9
0.9534 1559.28
0.9533 1560.49
0.9519 1562.5
0.9513 1589.34
0.9505 1615.91
0.9486 1642.35
0.9488 1673.06
0.949 1706.79
0.9486 1719.23
0.9479 1727.71
0.9482 1693.08
0.9477 1686.66
0.9486 1646.85
0.9483 1632.22
0.9499 1614.33
0.951 1606.03
0.9499 1616.3
0.95 1615.69
0.9501 1598.85
0.9512 1584.64
0.9521 1555.8
0.9515 1555.82
0.9512 1600.69
0.9502 1662.15
0.9486 1706.35
0.9478 1716.86
0.9506 1650.89
0.9527 1594.76
0.953 1565.09
0.9515 1570.05
0.9505 1583.49
0.9506 1587.4
0.949 1610.23
0.9489 1638.73
0.9483 1661.26
0.9476 1658.11
0.9491 1638.49
0.9475 1645.68
0.9482 1648.22
0.9507 1578.75
0.9516 1537.77
0.9519 1536.47
0.9501 1587.36
0.9482 1635.25
0.9495 1603.4
0.9521 1533.32
0.9556 1474.95
0.9562 1433.06
0.9572 1410.5
0.9567 1416.84
0.9558 1437.89
0.9553 1457.87
0.9558 1457.13
0.9563 1440.28
0.9564 1429.04
0.9572 1400.26
0.9578 1372.91
0.957 1352.05
0.9577 1339.97
0.9592 1328.54
0.9593 1327.06
0.9594 1331.69
0.9594 1340.64
0.9589 1345.64
0.9598 1346.74
0.9593 1350.61
0.9583 1353.71
0.9584 1345.48
0.9594 1342.83
0.9576 1352.01
0.9576 1353.54
0.9575 1360.96
0.9574 1359.98
0.9564 1376.56
0.9558 1378.29
0.9565 1379.51
0.9568 1392.32
0.956 1410.13
0.9564 1429.4
0.956 1451.62
0.9549 1467.87
0.9548 1480.27
0.9561 1458.87
0.9566 1439.28
0.9561 1436.5
0.956 1422.82
0.9545 1432.44
0.9546 1451.71
0.9544 1442.14
0.9562 1429.05
0.9561 1408.87
0.9569 1433.04
0.9546 1503.04
0.9505 1603.98
0.9472 1662.13
0.948 1647.21
0.9501 1568.1
0.9531 1470.28
0.9568 1382.95
0.9594 1317.93
0.9612 1295.58
0.9605 1310.6
0.9583 1366.47
0.9553 1436.75
0.953 1496.58
0.9522 1524.12
0.9536 1502.92
0.9559 1429.44
0.9586 1373.84
0.9592 1345.34
0.9591 1327.24
0.9585 1335.53
0.9589 1349.37
0.9579 1365.64
0.958 1368.76
0.9588 1351.41
0.9589 1335.7
0.9588 1331.37
0.9587 1336.85
0.9595 1361.96
0.9594 1379.48
0.9582 1399.96
0.9584 1393.32
0.9595 1361.72
0.9581 1349.77
0.9581 1360.28
0.9578 1370.19
0.9583 1372.5
0.9593 1358.3
0.9599 1344.68
0.9603 1330.23
0.9602 1325.76
0.961 1320.18
0.9605 1330.61
0.9608 1346.23
0.9605 1357.86
0.9601 1368.99
0.9598 1369.94
0.9586 1375.13
0.9579 1393.09
0.9577 1402.04
0.9568 1384.1
0.9576 1367.78
0.9576 1354.64
0.9587 1335.1
0.9599 1312.56
0.9601 1305.51
0.9604 1302.21
0.9615 1287.23
0.9614 1285.57
0.9611 1304.26
0.9589 1330.4
0.9577 1354.94
0.9569 1379.78
0.956 1396.49
0.9569 1374.12
0.958 1336.1
0.9592 1316.0
0.9611 1293.46
0.9613 1286.06
0.96 1297.98
0.9589 1323.74
0.9573 1395.27
0.9548 1484.27
0.9518 1594.25
0.9509 1631.95
0.9502 1645.57
0.9519 1582.15
0.9535 1489.46
0.9571 1405.09
0.959 1363.36
0.9608 1333.88
0.9612 1319.29
0.9611 1308.18
0.9621 1315.37
0.96 1339.05
0.9594 1356.44
0.9579 1386.92
0.9581 1378.07
0.9584 1342.01
0.9595 1297.3
0.9598 1283.47
0.9592 1283.56
0.9591 1266.87
0.9598 1258.18
0.9601 1262.04
0.959 1283.3
0.9588 1303.73
0.9592 1310.29
0.9592 1323.59
0.9593 1347.01
0.9594 1370.69
0.9595 1371.58
0.9595 1363.16
0.9606 1312.84
0.961 1269.31
0.9616 1243.97
0.9624 1227.82
0.9618 1244.96
0.9598 1269.63
0.9582 1308.64
0.9563 1355.37
0.9547 1378.17
0.9546 1376.48
0.9565 1355.98
0.9581 1294.67
0.9597 1265.82
0.9602 1275.02
0.9603 1278.59
0.9593 1305.03
0.9578 1347.26
0.959 1341.88
0.9597 1338.1
0.96 1313.3
0.9607 1314.83
0.9592 1335.96
0.9577 1368.08
0.9584 1363.23
0.9587 1337.81
0.9595 1307.66
0.9624 1244.01
0.9641 1195.73
0.9648 1172.86
0.9639 1179.27
0.9626 1204.11
0.9618 1233.28
0.9613 1242.03
0.9617 1217.02
0.9622 1207.12
0.9631 1189.46
0.9633 1184.84
0.9629 1195.95
0.9623 1204.55
0.962 1221.18
0.9617 1233.26
0.9613 1240.73
0.9613 1237.68
0.9627 1204.43
0.964 1177.46
0.9646 1154.64
0.9653 1147.09
0.965 1141.23
0.9646 1141.53
0.9647 1137.94
0.9651 1147.37
0.9643 1170.58
0.9625 1206.31
0.9615 1254.34
0.9603 1283.6
0.9585 1321.14
0.9579 1349.04
0.9576 1362.29
0.9552 1392.69
0.956 1378.78
0.9576 1337.35
0.9593 1307.55
0.9613 1262.42
0.9628 1218.89
0.9625 1187.54
0.9632 1170.32
0.9627 1164.38
0.9632 1174.01
0.9621 1191.52
0.9619 1205.7
0.9626 1215.09
0.9617 1222.25
0.9604 1226.89
0.9607 1229.89
0.9616 1211.28
0.9626 1185.2
0.9627 1168.72
0.9648 1129.37
0.9657 1104.1
0.9667 1099.98
0.9659 1113.99
0.9648 1140.39
0.9637 1164.25
0.9635 1168.35
0.9623 1168.89
0.9629 1160.78
0.9636 1125.02
0.9645 1108.72
0.965 1112.31
0.9645 1120.05
0.9633 1140.47
0.9639 1140.13
0.9642 1135.0
0.9644 1136.87
0.9647 1123.25
0.9661 1135.62
0.965 1151.91
0.964 1173.41
0.9627 1193.01
0.9632 1197.68
0.9633 1173.03
0.9633 1151.83
0.9643 1125.41
0.9647 1113.86
0.9651 1103.22
0.9649 1108.26
0.965 1115.03
0.9654 1107.92
0.9644 1110.18
0.9646 1131.89
0.9641 1146.5
0.9641 1142.85
0.9642 1128.74
0.9652 1117.45
0.9659 1098.22
0.9661 1093.15
0.9659 1084.51
0.9655 1088.5
0.966 1101.29
0.9644 1134.08
0.9637 1172.34
0.964 1171.15
0.9647 1158.28
0.9658 1127.12
0.9666 1083.7
0.9664 1050.8
0.9663 1043.54
0.9649 1057.92
0.9643 1084.51
0.9647 1086.65
0.9655 1092.61
0.9663 1066.29
0.9662 1054.32
0.9668 1047.65
0.9666 1048.73
0.9663 1059.62
0.9655 1085.7
0.965 1109.28
0.9641 1133.0
0.9638 1162.58
0.9639 1162.35
0.9619 1160.42
0.9631 1154.4
0.9637 1139.37
0.9652 1115.26
0.9657 1108.18
0.9659 1105.42
0.9648 1110.04
0.9659 1084.82
0.9662 1069.1
0.9673 1056.72
0.9672 1049.34
0.9677 1049.36
0.968 1040.52
0.9678 1030.61
0.9678 1014.69
0.9687 1015.72
0.9678 1022.07
0.9674 1035.92
0.9671 1051.78
0.9668 1061.13
0.9659 1072.81
0.9658 1083.89
0.9662 1092.0
0.9666 1093.88
0.9664 1094.2
0.9674 1093.55
0.966 1095.9
0.9659 1091.99
0.9663 1088.53
0.9665 1081.82
0.9663 1084.2
0.9652 1086.73
0.9656 1094.91
0.9643 1107.82
0.9642 1123.57
0.9636 1112.68
0.9645 1106.69
0.9657 1087.84
0.9669 1069.5
0.9665 1057.38
0.9679 1055.32
0.9686 1051.8
0.9685 1056.47
0.9678 1056.46
0.9678 1077.5
0.9672 1095.99
0.9669 1110.6
0.9667 1115.74
0.9675 1123.58
0.9667 1132.19
0.9664 1134.87
0.9659 1125.36
0.9652 1122.82
0.965 1121.99
0.9655 1115.69
0.9658 1110.54
0.9674 1102.02
0.9679 1084.71
0.9672 1060.71
0.9683 1041.04
0.9683 1042.06
0.9679 1059.99
0.9667 1082.84
0.9653 1115.21
0.9652 1132.76
0.9662 1149.36
0.9654 1174.8
0.9654 1186.08
0.9656 1152.82
0.9666 1119.37
0.9673 1092.11
0.9668 1077.3
0.9666 1070.09
0.9678 1062.63
0.9683 1050.92
0.9676 1050.06
0.9678 1056.3
0.9678 1057.14
0.9682 1050.13
0.9682 1046.29
0.9684 1042.19
0.9682 1027.82
0.9686 1022.01
0.969 1018.54
0.9695 1015.74
0.9697 1021.46
0.9693 1023.57
0.9687 1031.49
0.9687 1047.57
0.9676 1070.18
0.9668 1101.17
0.9659 1125.56
0.9668 1098.04
0.9673 1074.62
0.9674 1049.64
0.9681 1039.9
0.9686 1036.45
0.968 1045.32
0.9684 1054.35
0.9682 1069.44
0.9676 1083.84
0.966 1105.81
0.9652 1137.71
0.964 1179.8
0.9628 1199.69
0.964 1170.25
0.9659 1102.88
0.9673 1051.99
0.9689 1039.54
0.9673 1066.74
0.9663 1112.97
0.9645 1143.17
0.9635 1147.5
0.9645 1115.85
0.9673 1050.63
0.9689 1017.66
0.9687 1001.65
0.9691 1003.41
0.9688 1021.02
0.9668 1048.33
0.9667 1076.3
0.9663 1105.63
0.9663 1124.82
0.9664 1121.8
0.9669 1117.53
0.9677 1093.34
0.9676 1080.67
0.9674 1090.5
0.9658 1109.36
0.9649 1117.86
0.9671 1084.09
0.9684 1060.31
0.9685 1027.52
0.9701 1000.56
0.9703 978.443
0.9716 957.42
0.9717 956.75
0.9723 955.484
0.9722 955.038
0.9713 959.946
0.971 970.071
0.9702 968.328
0.9691 979.414
0.9691 997.139
0.9686 1017.49
0.9685 1028.13
0.9679 1045.48
0.9678 1050.23
0.9678 1026.48
0.9674 995.39
0.9677 1004.21
0.9672 1031.03
0.9653 1060.45
0.9653 1088.88
0.965 1094.82
0.9671 1055.42
0.969 1012.34
0.9697 984.837
0.9706 976.857
0.97 974.625
0.9702 983.8
0.9704 1000.3
0.9698 1018.6
0.969 1038.99
0.9679 1057.79
0.9671 1061.97
0.9676 1051.6
0.9679 1027.88
0.969 1008.8
0.9695 992.922
0.97 985.763
0.9707 972.152
0.9703 973.56
0.9695 976.367
0.9698 989.454
0.9694 994.674
0.9695 991.047
0.9694 985.574
0.9701 975.472
0.97 963.773
0.9699 949.806
0.9699 942.164
0.9693 940.52
0.9702 950.676
0.9701 970.197
0.968 1005.59
0.9665 1044.16
0.9651 1080.19
0.9658 1088.86
0.9664 1069.63
0.9675 1058.32
0.9676 1048.08
0.9684 1026.52
0.9689 1017.09
0.9692 1013.9
0.9693 1026.85
0.9691 1035.44
0.9686 1041.12
0.9689 1048.49
0.969 1048.28
0.9686 1041.52
0.9689 1032.36
0.9695 1021.61
0.9691 1013.64
0.9685 1014.29
0.9686 1026.09
0.9687 1033.04
0.9693 1032.65
0.9694 1017.42
0.9696 996.171
0.9692 974.46
0.9696 968.616
0.9696 969.292
0.9699 970.486
0.97 981.394
0.9697 995.146
0.969 1007.09
0.9689 1014.09
0.9696 1004.45
0.9703 989.74
0.9716 974.515
0.9715 968.162
0.9708 978.131
0.9699 1013.68
0.9669 1062.61
0.9645 1118.04
0.9644 1136.18
0.9656 1092.75
0.9661 1061.12
0.9672 1025.04
0.9694 980.893
0.9698 974.939
0.9687 985.842
0.9686 973.83
0.9679 970.182
0.9675 970.022
0.968 978.81
0.9681 980.47
0.9691 982.454
0.9688 991.422
0.9694 1006.98
0.9691 1021.02
0.9683 1043.13
0.968 1063.72
0.967 1076.21
0.9672 1076.86
0.9677 1060.12
0.9682 1048.31
0.968 1045.83
0.9677 1047.41
0.9672 1051.28
0.966 1066.39
0.9663 1050.55
0.967 1041.76
0.9676 1013.61
0.9694 990.778
0.9707 971.047
0.9704 972.467
0.97 990.812
0.9704 1026.27
0.9685 1075.7
0.9659 1128.64
0.9645 1167.9
0.9643 1176.76
0.9641 1175.72
0.9647 1146.62
0.9655 1100.88
0.9673 1053.29
0.9686 1009.46
0.9701 989.541
0.9703 983.674
0.9704 991.975
0.9693 989.799
0.9694 980.37
0.9696 979.2
0.9693 984.808
0.9694 974.882
0.9697 974.953
0.9692 978.328
0.9694 976.884
0.97 968.745
0.9694 976.068
0.9697 963.025
0.9696 968.486
0.9688 991.865
0.9679 1016.39
0.9673 1031.2
0.9677 1025.41
0.9684 1005.17
0.968 996.952
0.9667 1008.41
0.9666 1025.8
0.966 1037.91
0.9651 1052.89
0.9643 1073.46
0.9644 1092.43
0.9643 1106.23
0.9647 1103.75
0.965 1091.0
0.9651 1072.19
0.9655 1061.56
0.9665 1033.82
0.9675 1013.03
0.9681 992.951
0.9695 970.754
0.9704 953.896
0.9705 934.6
0.9711 918.002
0.9719 909.685
0.9714 906.149
0.9715 906.982
0.9717 911.393
0.9719 913.397
0.9709 925.366
0.9712 938.943
0.9707 935.919
0.972 918.535
0.9726 911.661
0.9729 901.665
0.9736 883.802
0.9735 873.255
0.9726 877.305
0.9727 875.99
0.9731 878.36
0.9724 894.582
0.9715 915.743
0.9705 932.249
0.9706 937.146
0.9694 948.518
0.9685 967.882
0.9668 993.721
0.9672 1008.48
0.9666 1026.02
0.9678 1007.9
0.9683 985.64
0.9693 945.845
0.9707 918.937
0.9717 900.462
0.9715 890.937
0.9713 890.532
0.9712 899.537
0.9708 909.863
0.9709 920.426
0.9702 919.209
0.9703 894.944
0.971 865.735
0.9719 862.235
0.9715 872.858
0.9709 900.154
0.9707 928.79
0.9696 947.952
0.9698 949.513
0.9695 937.047
0.97 920.67
0.9705 913.082
0.9701 909.615
0.9699 911.552
0.9694 918.841
0.9695 919.318
0.97 914.668
0.9704 915.36
0.9708 926.724
0.9704 938.702
0.97 958.148
0.9697 965.028
0.9702 969.271
0.9701 960.89
